id	year	julianday	dC_GPP[kgCha-1]	dC_TER[kgCha-1]	dC_NEE[kgCha-1]
0	2004	1	0.696143	8.95681	-8.26067
0	2004	2	0.740953	9.20288	-8.46193
0	2004	3	0.553807	5.81788	-5.26408
0	2004	4	0.645037	6.0159	-5.37087
0	2004	5	0.833616	9.99664	-9.16302
0	2004	6	1.04063	10.5898	-9.54919
0	2004	7	0.991342	10.3751	-9.38372
0	2004	8	1.05515	10.909	-9.85381
0	2004	9	1.12308	10.942	-9.8189
0	2004	10	1.19537	11.2119	-10.0166
0	2004	11	36.0195	16.81	19.2096
0	2004	12	1.65146	12.4014	-10.7499
0	2004	13	1.62873	11.8731	-10.2444
0	2004	14	1.32294	10.6312	-9.30831
0	2004	15	1.26904	9.96129	-8.69224
0	2004	16	1.46789	10.184	-8.71614
0	2004	17	1.15969	9.22134	-8.06165
0	2004	18	1.05976	8.49534	-7.43558
0	2004	19	1.1923	8.5498	-7.35751
0	2004	20	1.58419	9.61619	-8.032
0	2004	21	1.41789	9.41565	-7.99776
0	2004	22	1.30472	9.02591	-7.72118
0	2004	23	1.32294	8.8687	-7.54576
0	2004	24	1.35073	8.80382	-7.45308
0	2004	25	1.16776	8.2002	-7.03244
0	2004	26	0.968446	7.35099	-6.38254
0	2004	27	0.975182	7.00083	-6.02565
0	2004	28	0.968446	6.7534	-5.78495
0	2004	29	0.903592	6.38692	-5.48333
0	2004	30	0.981965	6.43351	-5.45154
0	2004	31	1.57324	7.97318	-6.39993
0	2004	32	28.4812	14.8408	13.6404
0	2004	33	34.9704	16.9721	17.9983
0	2004	34	54.5082	21.9477	32.5605
0	2004	35	56.0264	23.0186	33.0078
0	2004	36	62.5816	25.3463	37.2353
0	2004	37	67.8754	26.5333	41.3421
0	2004	38	4.47388	12.5356	-8.06168
0	2004	39	4.00423	11.418	-7.41375
0	2004	40	3.16351	9.88382	-6.72031
0	2004	41	3.0984	9.29367	-6.19526
0	2004	42	4.23255	10.4079	-6.17533
0	2004	43	3.76207	9.81589	-6.05382
0	2004	44	3.39057	9.24453	-5.85397
0	2004	45	3.86783	9.69346	-5.82563
0	2004	46	3.78823	9.57419	-5.78595
0	2004	47	3.86783	9.65052	-5.78269
0	2004	48	3.68465	9.41568	-5.73103
0	2004	49	3.81458	9.51117	-5.69659
0	2004	50	3.29785	8.78826	-5.49041
0	2004	51	3.14166	8.43247	-5.29081
0	2004	52	3.36714	8.56487	-5.19773
0	2004	53	3.29785	8.41027	-5.11242
0	2004	54	2.89091	7.83686	-4.94594
0	2004	55	2.89091	7.68424	-4.79332
0	2004	56	3.11996	7.84189	-4.72193
0	2004	57	2.53419	7.01039	-4.4762
0	2004	58	2.53419	6.82066	-4.28647
0	2004	59	2.79244	7.03927	-4.24683
0	2004	60	2.83142	7.04971	-4.2183
0	2004	61	2.73497	6.90054	-4.16557
0	2004	62	3.01368	7.21519	-4.20151
0	2004	63	3.78823	8.23287	-4.44463
0	2004	64	4.08837	9.16344	-5.07507
0	2004	65	4.11681	9.20633	-5.08953
0	2004	66	3.92183	9.03054	-5.10872
0	2004	67	3.65919	8.7996	-5.1404
0	2004	68	3.41415	8.41192	-4.99777
0	2004	69	3.14166	7.97123	-4.82957
0	2004	70	2.73497	7.29763	-4.56266
0	2004	71	2.85111	7.24598	-4.39487
0	2004	72	3.89474	8.50077	-4.60604
0	2004	73	4.86192	9.83445	-4.97253
0	2004	74	5.06838	10.3813	-5.31287
0	2004	75	157.22	43.3926	113.827
0	2004	76	213.24	58.8915	154.348
0	2004	77	249.221	70.4902	178.731
0	2004	78	223.422	65.8549	157.568
0	2004	79	194.922	60.1079	134.814
0	2004	80	233.093	72.2599	160.833
0	2004	81	18.8997	25.3498	-6.45007
0	2004	82	15.0354	21.212	-6.17657
0	2004	83	20.383	26.4946	-6.1117
0	2004	84	204.38	65.3643	139.016
0	2004	85	219.195	70.9543	148.24
0	2004	86	239.168	78.3541	160.814
0	2004	87	229.518	77.3549	152.163
0	2004	88	30.0115	36.1302	-6.11869
0	2004	89	29.9907	36.1118	-6.12102
0	2004	90	225.442	77.8041	147.638
0	2004	91	233.525	81.8181	151.707
0	2004	92	252.855	89.6821	163.173
0	2004	93	251.539	91.0897	160.449
0	2004	94	249.246	92.1876	157.059
0	2004	95	42.3036	48.3764	-6.07289
0	2004	96	41.3182	47.4936	-6.17539
0	2004	97	42.8644	48.9375	-6.07317
0	2004	98	241.997	91.7052	150.292
0	2004	99	252.991	97.0421	155.949
0	2004	100	268.763	104.12	164.643
0	2004	101	264.063	104.479	159.584
0	2004	102	53.784	59.7977	-6.0137
0	2004	103	53.9707	59.9853	-6.01466
0	2004	104	53.0067	58.9869	-5.98012
0	2004	105	257.409	104.043	153.366
0	2004	106	277.991	113.327	164.664
0	2004	107	286.935	121.467	165.467
0	2004	108	242.07	106.652	135.418
0	2004	109	60.3601	66.7445	-6.38447
0	2004	110	62.8797	68.9903	-6.11062
0	2004	111	62.532	68.506	-5.97399
0	2004	112	269.168	117.966	151.202
0	2004	113	275.38	122.711	152.669
0	2004	114	291.214	132.198	159.017
0	2004	115	252.862	120.643	132.22
0	2004	116	223.507	111.812	111.696
0	2004	117	220.549	113.511	107.038
0	2004	118	221.543	116.498	105.044
0	2004	119	234.86	122.588	112.272
0	2004	120	256.357	130.357	126
0	2004	121	253.282	130.578	122.704
0	2004	122	256.664	136.09	120.574
0	2004	123	87.216	93.0789	-5.86292
0	2004	124	88.1276	93.9609	-5.83334
0	2004	125	86.5536	92.4528	-5.89927
0	2004	126	237.096	129.584	107.512
0	2004	127	236.183	133.206	102.977
0	2004	128	243.872	139.784	104.087
0	2004	129	91.4846	97.3101	-5.82545
0	2004	130	84.4167	90.1221	-5.70532
0	2004	131	86.4898	92.1095	-5.61972
0	2004	132	225.055	127.565	97.49
0	2004	133	241.742	137.068	104.674
0	2004	134	216.297	126.042	90.2546
0	2004	135	248.477	144.743	103.734
0	2004	136	225.349	134.431	90.9179
0	2004	137	206.374	125.989	80.3855
0	2004	138	195.522	121.577	73.9452
0	2004	139	204.81	127.971	76.8395
0	2004	140	215.66	135.737	79.923
0	2004	141	214.588	136.951	77.6369
0	2004	142	204.308	132.644	71.6634
0	2004	143	171.045	114.604	56.4413
0	2004	144	165.143	112.13	53.0124
0	2004	145	193.614	130.263	63.3512
0	2004	146	214.386	145.354	69.0321
0	2004	147	194.279	134.224	60.0546
0	2004	148	193.273	135.325	57.9472
0	2004	149	194.016	137.635	56.3812
0	2004	150	230.514	165.522	64.9916
0	2004	151	221.304	147.724	73.5807
0	2004	152	198.566	134.304	64.2621
0	2004	153	217.526	144.265	73.2606
0	2004	154	204.033	138.369	65.6635
0	2004	155	185.679	129.087	56.5924
0	2004	156	189.066	133.911	55.1547
0	2004	157	214.738	155.414	59.3238
0	2004	158	201.98	149.722	52.2579
0	2004	159	226.45	172.774	53.6765
0	2004	160	259.171	204.814	54.3562
0	2004	161	231.424	186.248	45.1765
0	2004	162	190.796	155.245	35.5515
0	2004	163	147.671	121.696	25.9744
0	2004	164	126.237	105.916	20.3211
0	2004	165	122.615	104.144	18.4715
0	2004	166	135.942	116.322	19.6198
0	2004	167	136.583	141.962	-5.37903
0	2004	168	124.555	129.876	-5.32067
0	2004	169	115.812	121.073	-5.26116
0	2004	170	92.9665	98.2413	-5.27479
0	2004	171	82.5181	88.5797	-6.06159
0	2004	172	77.9587	83.663	-5.70432
0	2004	173	89.365	95.0479	-5.68284
0	2004	174	114.853	121.824	-6.97133
0	2004	175	116.214	122.207	-5.99301
0	2004	176	91.9411	97.6785	-5.73741
0	2004	177	96.1116	101.578	-5.46621
0	2004	178	110.94	116.111	-5.17077
0	2004	179	136.394	141.245	-4.8508
0	2004	180	108.732	113.588	-4.85507
0	2004	181	110.48	115.252	-4.77209
0	2004	182	131.931	136.538	-4.60668
0	2004	183	102.157	106.9	-4.74334
0	2004	184	0	5.36122	-5.36122
0	2004	185	0	5.55591	-5.55591
0	2004	186	0	6.73162	-6.73162
0	2004	187	0	6.45095	-6.45095
0	2004	188	0	6.48076	-6.48076
0	2004	189	0	8.26322	-8.26322
0	2004	190	0	9.09899	-9.09899
0	2004	191	0	9.44917	-9.44917
0	2004	192	0	8.71845	-8.71845
0	2004	193	0	10.4499	-10.4499
0	2004	194	0	8.82295	-8.82295
0	2004	195	0	8.73842	-8.73842
0	2004	196	0	9.06538	-9.06538
0	2004	197	0	9.46126	-9.46126
0	2004	198	0	9.78189	-9.78189
0	2004	199	0	12.543	-12.543
0	2004	200	0	11.2182	-11.2182
0	2004	201	0	11.168	-11.168
0	2004	202	0	11.0355	-11.0355
0	2004	203	0	11.1004	-11.1004
0	2004	204	0	11.2607	-11.2607
0	2004	205	0	11.2496	-11.2496
0	2004	206	0	11.1492	-11.1492
0	2004	207	0	10.8929	-10.8929
0	2004	208	0	10.588	-10.588
0	2004	209	0	10.5563	-10.5563
0	2004	210	0	10.7331	-10.7331
0	2004	211	0	10.987	-10.987
0	2004	212	0	11.1081	-11.1081
0	2004	213	0	11.2515	-11.2515
0	2004	214	0	11.3681	-11.3681
0	2004	215	0	11.5142	-11.5142
0	2004	216	0	11.5234	-11.5234
0	2004	217	0	11.3869	-11.3869
0	2004	218	0	11.2414	-11.2414
0	2004	219	0	11.1638	-11.1638
0	2004	220	0	11.167	-11.167
0	2004	221	0	11.3294	-11.3294
0	2004	222	0	11.7719	-11.7719
0	2004	223	0	13.2051	-13.2051
0	2004	224	0	11.9315	-11.9315
0	2004	225	0	11.7788	-11.7788
0	2004	226	0	11.2768	-11.2768
0	2004	227	0	10.9572	-10.9572
0	2004	228	0	10.9197	-10.9197
0	2004	229	0	10.9593	-10.9593
0	2004	230	0	10.8706	-10.8706
0	2004	231	0	10.8305	-10.8305
0	2004	232	0	10.7424	-10.7424
0	2004	233	0	10.5095	-10.5095
0	2004	234	0	10.1934	-10.1934
0	2004	235	0	10.0214	-10.0214
0	2004	236	0	10.1798	-10.1798
0	2004	237	0	10.1141	-10.1141
0	2004	238	0	9.99547	-9.99547
0	2004	239	0	22.1658	-22.1658
0	2004	240	0	77.4575	-77.4575
0	2004	241	0	56.5776	-56.5776
0	2004	242	0	31.5746	-31.5746
0	2004	243	0	24.6006	-24.6006
0	2004	244	0	21.3716	-21.3716
0	2004	245	0	20.1549	-20.1549
0	2004	246	6.31821	21.2601	-14.9419
0	2004	247	14.6577	24.2013	-9.54353
0	2004	248	23.6509	25.8656	-2.21467
0	2004	249	32.6833	26.9912	5.69218
0	2004	250	38.052	26.5438	11.5083
0	2004	251	42.6705	26.5467	16.1238
0	2004	252	48.5303	27.9054	20.6249
0	2004	253	50.5095	28.3931	22.1165
0	2004	254	58.0346	31.3865	26.6482
0	2004	255	54.5814	37.248	17.3334
0	2004	256	48.6441	30.9752	17.6689
0	2004	257	47.5898	36.7303	10.8595
0	2004	258	50.7826	33.0856	17.697
0	2004	259	45.7937	29.9806	15.813
0	2004	260	42.6301	28.2642	14.3659
0	2004	261	53.586	31.7969	21.7891
0	2004	262	70.8044	38.5681	32.2363
0	2004	263	58.364	33.9202	24.4438
0	2004	264	57.6957	33.7668	23.929
0	2004	265	57.0909	33.604	23.4869
0	2004	266	58.0891	34.0943	23.9948
0	2004	267	67.0464	39.3853	27.6611
0	2004	268	47.2239	31.0402	16.1837
0	2004	269	51.0338	32.4036	18.6302
0	2004	270	63.7303	37.9031	25.8272
0	2004	271	63.4823	38.641	24.8414
0	2004	272	58.8643	37.1668	21.6975
0	2004	273	62.3416	39.5799	22.7617
0	2004	274	63.2109	41.0085	22.2024
0	2004	275	59.2569	39.973	19.2838
0	2004	276	52.8161	37.3504	15.4657
0	2004	277	52.071	37.4142	14.6568
0	2004	278	65.3243	45.5693	19.755
0	2004	279	61.2385	43.5321	17.7063
0	2004	280	57.5829	39.686	17.8969
0	2004	281	46.3125	34.0533	12.2592
0	2004	282	52.3741	36.7291	15.645
0	2004	283	50.9659	36.362	14.6038
0	2004	284	53.5559	37.2274	16.3285
0	2004	285	57.3968	39.3261	18.0708
0	2004	286	23.2677	33.446	-10.1783
0	2004	287	21.2628	32.1803	-10.9175
0	2004	288	19.9492	30.0262	-10.077
0	2004	289	18.0166	27.7126	-9.69592
0	2004	290	17.2229	26.6264	-9.40344
0	2004	291	18.8339	28.0384	-9.20448
0	2004	292	21.4255	30.5719	-9.14634
0	2004	293	23.107	32.3171	-9.21008
0	2004	294	30.6807	41.3659	-10.6852
0	2004	295	23.1551	33.2736	-10.1185
0	2004	296	24.1719	34.1321	-9.96021
0	2004	297	29.3087	39.2684	-9.95964
0	2004	298	28.9453	38.9559	-10.0106
0	2004	299	22.7415	32.6234	-9.88185
0	2004	300	17.415	26.8814	-9.46636
0	2004	301	17.3668	26.638	-9.27125
0	2004	302	24.2558	33.4732	-9.21743
0	2004	303	22.1043	31.279	-9.17469
0	2004	304	19.5251	28.5472	-9.02213
0	2004	305	17.104	25.8574	-8.75347
0	2004	306	17.5848	26.1934	-8.60862
0	2004	307	19.6065	28.0739	-8.46747
0	2004	308	18.9124	27.2731	-8.36074
0	2004	309	18.1797	26.4302	-8.25046
0	2004	310	16.8334	24.9169	-8.08344
0	2004	311	16.5328	24.4524	-7.91962
0	2004	312	17.1277	24.9422	-7.81447
0	2004	313	14.5128	22.2665	-7.7537
0	2004	314	14.3827	21.787	-7.40437
0	2004	315	14.7358	22.1139	-7.37809
0	2004	316	15.0142	22.2839	-7.26971
0	2004	317	13.336	20.3535	-7.0175
0	2004	318	13.4102	20.2307	-6.82048
0	2004	319	12.9354	19.5633	-6.62784
0	2004	320	12.17	18.5851	-6.41506
0	2004	321	17.2468	23.803	-6.55619
0	2004	322	19.3634	26.1738	-6.81038
0	2004	323	18.4719	25.4847	-7.01284
0	2004	324	14.1454	21.0388	-6.89347
0	2004	325	11.9858	18.6408	-6.65493
0	2004	326	16.2939	22.9528	-6.65892
0	2004	327	19.9907	26.8623	-6.87155
0	2004	328	19.6745	26.7353	-7.06073
0	2004	329	16.1589	23.1959	-7.03695
0	2004	330	11.1059	17.7544	-6.64844
0	2004	331	14.6239	21.1614	-6.53743
0	2004	332	17.8674	24.5109	-6.64351
0	2004	333	15.4577	22.1654	-6.70768
0	2004	334	15.4577	22.1175	-6.65972
0	2004	335	13.8159	20.3377	-6.5218
0	2004	336	12.7574	19.0835	-6.32614
0	2004	337	12.4948	18.6301	-6.13527
0	2004	338	11.9941	17.9416	-5.94744
0	2004	339	10.8322	16.5402	-5.70795
0	2004	340	11.5776	17.1413	-5.5637
0	2004	341	13.7586	19.3614	-5.60288
0	2004	342	13.189	18.8071	-5.6181
0	2004	343	11.5615	17.0779	-5.51641
0	2004	344	10.4487	15.7847	-5.33599
0	2004	345	9.6415	14.7498	-5.10833
0	2004	346	10.044	14.9981	-4.95411
0	2004	347	8.59953	13.2931	-4.69353
0	2004	348	8.57572	13.0572	-4.48147
0	2004	349	9.21675	13.5844	-4.36764
0	2004	350	10.5287	14.9303	-4.40155
0	2004	351	13.6068	18.3085	-4.70164
0	2004	352	15.0351	20.0984	-5.06335
0	2004	353	13.189	18.4191	-5.2301
0	2004	354	12.9714	18.2572	-5.28587
0	2004	355	8.51649	13.4343	-4.91785
0	2004	356	8.97715	13.626	-4.64886
0	2004	357	11.3865	16.045	-4.65843
0	2004	358	18.6262	23.6782	-5.05207
0	2004	359	18.5875	24.0368	-5.44938
0	2004	360	12.4862	17.9376	-5.45139
0	2004	361	10.5068	15.7376	-5.23071
0	2004	362	10.355	15.3799	-5.02486
0	2004	363	12.1027	17.1167	-5.01404
0	2004	364	12.0358	17.0339	-4.99807
0	2004	365	15.8264	21.0301	-5.20377
0	2004	366	18.1671	23.6831	-5.51597
0	2005	1	46.2912	29.5831	16.7081
0	2005	2	34.2663	24.7503	9.51592
0	2005	3	29.2648	22.7854	6.47939
0	2005	4	25.5109	21.2745	4.23635
0	2005	5	39.5805	27.1367	12.4438
0	2005	6	46.4068	30.4326	15.9743
0	2005	7	51.8468	33.3135	18.5333
0	2005	8	43.2262	29.7231	13.5031
0	2005	9	45.6018	31.0073	14.5946
0	2005	10	49.7316	33.1973	16.5343
0	2005	11	49.014	33.1434	15.8706
0	2005	12	44.2676	31.1578	13.1098
0	2005	13	25.7127	23.0319	2.68083
0	2005	14	11.9867	17.6372	-5.65049
0	2005	15	11.9618	17.264	-5.30221
0	2005	16	13.7405	18.8785	-5.13802
0	2005	17	36.4519	26.8156	9.63627
0	2005	18	33.1807	25.5954	7.58531
0	2005	19	32.8966	25.5883	7.30826
0	2005	20	53.3485	35.4079	17.9406
0	2005	21	45.2539	31.8969	13.3571
0	2005	22	0	5.80671	-5.80671
0	2005	23	0	5.45232	-5.45232
0	2005	24	0	5.09727	-5.09727
0	2005	25	0	4.72533	-4.72533
0	2005	26	0	4.37295	-4.37295
0	2005	27	0	4.19786	-4.19786
0	2005	28	0	4.53928	-4.53928
0	2005	29	0	4.61249	-4.61249
0	2005	30	0	4.802	-4.802
0	2005	31	0	5.17965	-5.17965
0	2005	32	0	5.49197	-5.49197
0	2005	33	0	5.67454	-5.67454
0	2005	34	0	5.75679	-5.75679
0	2005	35	0	5.71744	-5.71744
0	2005	36	0	5.44132	-5.44132
0	2005	37	0	5.34664	-5.34664
0	2005	38	0	5.32849	-5.32849
0	2005	39	0	5.56402	-5.56402
0	2005	40	0	5.81785	-5.81785
0	2005	41	0	6.2171	-6.2171
0	2005	42	0	6.80306	-6.80306
0	2005	43	0	7.20893	-7.20893
0	2005	44	0	6.62997	-6.62997
0	2005	45	0	6.25232	-6.25232
0	2005	46	0	5.84445	-5.84445
0	2005	47	0	5.3897	-5.3897
0	2005	48	0	5.14783	-5.14783
0	2005	49	0	5.25362	-5.25362
0	2005	50	0	5.34596	-5.34596
0	2005	51	0	5.12883	-5.12883
0	2005	52	0	5.03666	-5.03666
0	2005	53	0	4.77365	-4.77365
0	2005	54	0	4.42646	-4.42646
0	2005	55	0	4.18006	-4.18006
0	2005	56	0	4.07669	-4.07669
0	2005	57	0	4.11792	-4.11792
0	2005	58	0	4.11914	-4.11914
0	2005	59	0	3.58467	-3.58467
0	2005	60	0	3.26848	-3.26848
0	2005	61	0	3.2036	-3.2036
0	2005	62	0	3.22513	-3.22513
0	2005	63	0	3.24915	-3.24915
0	2005	64	0	3.38764	-3.38764
0	2005	65	0	3.4679	-3.4679
0	2005	66	0	3.83835	-3.83835
0	2005	67	0	5.59132	-5.59132
0	2005	68	0	5.41118	-5.41118
0	2005	69	0	5.62675	-5.62675
0	2005	70	0	5.6659	-5.6659
0	2005	71	0	5.67408	-5.67408
0	2005	72	0	5.56498	-5.56498
0	2005	73	0	5.65446	-5.65446
0	2005	74	0	6.26127	-6.26127
0	2005	75	0	7.50586	-7.50586
0	2005	76	0	8.10577	-8.10577
0	2005	77	0	7.73339	-7.73339
0	2005	78	0	7.58949	-7.58949
0	2005	79	0	7.9038	-7.9038
0	2005	80	0	8.16096	-8.16096
0	2005	81	0	8.4392	-8.4392
0	2005	82	0	8.39109	-8.39109
0	2005	83	0	8.3232	-8.3232
0	2005	84	0	8.23865	-8.23865
0	2005	85	0	8.23267	-8.23267
0	2005	86	0	8.24414	-8.24414
0	2005	87	0	8.21112	-8.21112
0	2005	88	0	8.19054	-8.19054
0	2005	89	0	8.13576	-8.13576
0	2005	90	0	8.02092	-8.02092
0	2005	91	0	7.99647	-7.99647
0	2005	92	0	8.19828	-8.19828
0	2005	93	0	8.47915	-8.47915
0	2005	94	0	8.45079	-8.45079
0	2005	95	0	8.11053	-8.11053
0	2005	96	0	8.03472	-8.03472
0	2005	97	0	7.79843	-7.79843
0	2005	98	0	7.14724	-7.14724
0	2005	99	0	6.75615	-6.75615
0	2005	100	0	40.7577	-40.7577
0	2005	101	0	60.1127	-60.1127
0	2005	102	0	58.9052	-58.9052
0	2005	103	0	53.2201	-53.2201
0	2005	104	0	45.8525	-45.8525
0	2005	105	0	40.5967	-40.5967
0	2005	106	0	36.3286	-36.3286
0	2005	107	0	34.3202	-34.3202
0	2005	108	0	33.3607	-33.3607
0	2005	109	0	29.988	-29.988
0	2005	110	0	27.7505	-27.7505
0	2005	111	0	26.0823	-26.0823
0	2005	112	0	25.181	-25.181
0	2005	113	0	24.7243	-24.7243
0	2005	114	0	23.3672	-23.3672
0	2005	115	0	21.9868	-21.9868
0	2005	116	0	20.7004	-20.7004
0	2005	117	0	19.5778	-19.5778
0	2005	118	0	19.552	-19.552
0	2005	119	0	19.2782	-19.2782
0	2005	120	0	19.3618	-19.3618
0	2005	121	0	19.5405	-19.5405
0	2005	122	0	18.4187	-18.4187
0	2005	123	0	17.5594	-17.5594
0	2005	124	0	16.5128	-16.5128
0	2005	125	0	15.9714	-15.9714
0	2005	126	0	15.3017	-15.3017
0	2005	127	0	14.56	-14.56
0	2005	128	0	13.8237	-13.8237
0	2005	129	1.27432	14.9661	-13.6918
0	2005	130	7.82798	14.8012	-6.97321
0	2005	131	10.1974	14.7618	-4.56434
0	2005	132	13.8619	15.4903	-1.62849
0	2005	133	15.3757	15.3064	0.0692991
0	2005	134	17.2393	15.8951	1.34417
0	2005	135	20.7368	16.4198	4.31702
0	2005	136	23.6537	17.1199	6.5337
0	2005	137	2.27468	11.8432	-9.5685
0	2005	138	2.34025	11.772	-9.43177
0	2005	139	30.4368	18.9992	11.4376
0	2005	140	40.9522	22.4424	18.5097
0	2005	141	40.1731	22.0213	18.1518
0	2005	142	36.8392	21.2919	15.5473
0	2005	143	35.7896	20.3947	15.395
0	2005	144	48.9238	24.5084	24.4154
0	2005	145	63.5908	29.6787	33.9121
0	2005	146	83.4523	37.2605	46.1918
0	2005	147	99.6547	44.0687	55.586
0	2005	148	86.237	38.7539	47.4831
0	2005	149	59.1624	33.5038	25.6587
0	2005	150	58.8327	31.227	27.6057
0	2005	151	63.362	32.0886	31.2734
0	2005	152	78.6294	37.679	40.9504
0	2005	153	93.4617	43.8829	49.5788
0	2005	154	93.3291	44.2226	49.1065
0	2005	155	71.8939	36.2197	35.6742
0	2005	156	73.9747	37.0316	36.9431
0	2005	157	77.8458	42.3642	35.4816
0	2005	158	62.8056	34.6253	28.1803
0	2005	159	73.927	38.6009	35.3261
0	2005	160	84.0617	42.8631	41.1986
0	2005	161	92.3991	46.7578	45.6413
0	2005	162	78.7053	41.3698	37.3355
0	2005	163	87.5834	45.3597	42.2236
0	2005	164	91.4164	47.3746	44.0418
0	2005	165	102.056	52.5665	49.4897
0	2005	166	95.9822	51.1138	44.8684
0	2005	167	128.804	67.0452	61.7584
0	2005	168	142.38	74.8893	67.4911
0	2005	169	165.937	88.9987	76.9381
0	2005	170	184.544	101.196	83.3482
0	2005	171	178.623	98.6861	79.937
0	2005	172	156.218	86.3315	69.8865
0	2005	173	135.478	86.7771	48.7012
0	2005	174	154.277	96.8529	57.4244
0	2005	175	161.316	103.287	58.0293
0	2005	176	147.195	96.5483	50.6468
0	2005	177	144.625	93.1773	51.4478
0	2005	178	171.058	113.769	57.2893
0	2005	179	178.942	115.789	63.1529
0	2005	180	149.131	98.1221	51.0089
0	2005	181	122.808	80.1438	42.6647
0	2005	182	116.403	77.4189	38.9845
0	2005	183	151.757	103.004	48.7533
0	2005	184	157.479	110.262	47.2177
0	2005	185	116.638	79.0906	37.547
0	2005	186	113.746	76.6267	37.1196
0	2005	187	115.64	79.1334	36.5069
0	2005	188	99.9501	69.8071	30.143
0	2005	189	103.961	72.9777	30.9829
0	2005	190	124.658	86.4329	38.2249
0	2005	191	139.612	98.8747	40.7374
0	2005	192	168.39	123.115	45.2743
0	2005	193	147.245	109.752	37.493
0	2005	194	154.082	117.478	36.6039
0	2005	195	437.304	196.118	241.186
0	2005	196	433.2	208	225.201
0	2005	197	347.826	170.294	177.532
0	2005	198	365.041	179.983	185.058
0	2005	199	338.546	171.485	167.061
0	2005	200	278.108	144.129	133.978
0	2005	201	274.986	147.739	127.247
0	2005	202	266.342	149.144	117.197
0	2005	203	238.268	138.269	99.9992
0	2005	204	220.671	128.967	91.7046
0	2005	205	272.296	153.697	118.599
0	2005	206	264.068	154.342	109.727
0	2005	207	256.359	152.378	103.981
0	2005	208	289.01	179.053	109.957
0	2005	209	292.385	189.861	102.525
0	2005	210	242.51	164.386	78.1234
0	2005	211	256.715	151.221	105.493
0	2005	212	231.909	142.468	89.4413
0	2005	213	273.559	154.1	119.46
0	2005	214	281.276	165.274	116.002
0	2005	215	244.49	148.703	95.7873
0	2005	216	233.377	148.547	84.8306
0	2005	217	217.599	144.005	73.5941
0	2005	218	197.84	136.758	61.0823
0	2005	219	370.662	175.875	194.786
0	2005	220	314.914	151.402	163.512
0	2005	221	355.314	173.265	182.05
0	2005	222	400.989	200.118	200.871
0	2005	223	401.884	204.226	197.658
0	2005	224	364.538	187.114	177.424
0	2005	225	356.644	185.766	170.878
0	2005	226	336.868	178.789	158.079
0	2005	227	308.738	165.704	143.034
0	2005	228	328.168	178.459	149.709
0	2005	229	400.202	223.909	176.293
0	2005	230	453.536	262.799	190.737
0	2005	231	332.199	192.359	139.839
0	2005	232	153.527	130.578	22.9494
0	2005	233	138.314	143.312	-4.99816
0	2005	234	148.139	153.154	-5.01503
0	2005	235	141.123	146.186	-5.06383
0	2005	236	136.221	141.058	-4.83664
0	2005	237	131.035	142.459	-11.4244
0	2005	238	129.141	136.169	-7.028
0	2005	239	136.979	142.635	-5.65622
0	2005	240	154.43	159.299	-4.86903
0	2005	241	171.469	175.869	-4.40005
0	2005	242	201.105	205.161	-4.05552
0	2005	243	244.181	247.767	-3.58592
0	2005	244	178.503	182.299	-3.79615
0	2005	245	169.931	173.626	-3.69459
0	2005	246	195.064	198.417	-3.35269
0	2005	247	229.732	232.814	-3.0824
0	2005	248	192.245	195.506	-3.26088
0	2005	249	166.549	170.396	-3.84663
0	2005	250	190.918	194.357	-3.43962
0	2005	251	203.912	207.144	-3.23173
0	2005	252	192.913	196.288	-3.37557
0	2005	253	142.894	148.727	-5.83237
0	2005	254	138.698	143.967	-5.26922
0	2005	255	155.181	159.953	-4.7722
0	2005	256	156.368	160.854	-4.48578
0	2005	257	160.653	164.854	-4.20099
0	2005	258	184.159	188.094	-3.9354
0	2005	259	122.09	126.475	-4.38503
0	2005	260	96.9928	101.371	-4.37813
0	2005	261	101.956	106.176	-4.2193
0	2005	262	107.695	111.81	-4.11496
0	2005	263	110.263	114.3	-4.03661
0	2005	264	118.177	122.119	-3.9418
0	2005	265	122.175	126.05	-3.87505
0	2005	266	146.403	150.12	-3.71662
0	2005	267	141.514	145.356	-3.84129
0	2005	268	138.794	142.519	-3.72479
0	2005	269	128.873	132.621	-3.7482
0	2005	270	126.046	129.841	-3.795
0	2005	271	0	4.64047	-4.64047
0	2005	272	0	4.82	-4.82
0	2005	273	0	10.9834	-10.9834
0	2005	274	0	9.3895	-9.3895
0	2005	275	0	9.26839	-9.26839
0	2005	276	0	8.49127	-8.49127
0	2005	277	0	8.3092	-8.3092
0	2005	278	0	8.26668	-8.26668
0	2005	279	0	8.3055	-8.3055
0	2005	280	0	8.39007	-8.39007
0	2005	281	0	8.68049	-8.68049
0	2005	282	0	8.87753	-8.87753
0	2005	283	0	9.12052	-9.12052
0	2005	284	0	9.35106	-9.35106
0	2005	285	0	9.75893	-9.75893
0	2005	286	0	9.86205	-9.86205
0	2005	287	0	9.89512	-9.89512
0	2005	288	0	9.80507	-9.80507
0	2005	289	0	10.5351	-10.5351
0	2005	290	0	10.2987	-10.2987
0	2005	291	0	13.6211	-13.6211
0	2005	292	0	12.5169	-12.5169
0	2005	293	0	11.9026	-11.9026
0	2005	294	7.28258	14.2203	-6.93771
0	2005	295	13.775	16.6389	-2.86393
0	2005	296	30.494	19.7364	10.7577
0	2005	297	75.338	28.2909	47.0471
0	2005	298	96.0839	32.4542	63.6298
0	2005	299	120.784	37.2651	83.5193
0	2005	300	137.67	40.3534	97.3162
0	2005	301	149.927	42.9186	107.008
0	2005	302	0.366764	13.4266	-13.0598
0	2005	303	0.389561	13.5057	-13.1161
0	2005	304	0.318623	13.165	-12.8464
0	2005	305	0.257371	12.7812	-12.5238
0	2005	306	0.291976	13.6406	-13.3487
0	2005	307	0.31489	12.9089	-12.594
0	2005	308	0.243319	12.7637	-12.5204
0	2005	309	0.21065	11.6527	-11.4421
0	2005	310	0.226083	11.4711	-11.245
0	2005	311	0.252074	11.7395	-11.4874
0	2005	312	0.248432	12.053	-11.8045
0	2005	313	0.207894	11.6307	-11.4228
0	2005	314	0.178491	10.6501	-10.4716
0	2005	315	0.196953	10.7725	-10.5755
0	2005	316	0.179483	10.8769	-10.6974
0	2005	317	0.192099	10.8091	-10.617
0	2005	318	0.17277	10.4209	-10.2481
0	2005	319	0.148437	9.84701	-9.69857
0	2005	320	0.167116	9.55975	-9.39263
0	2005	321	0.12709	8.63993	-8.51284
0	2005	322	0.114461	7.90287	-7.78841
0	2005	323	0.102658	7.59749	-7.49483
0	2005	324	0.108061	7.35136	-7.2433
0	2005	325	0.114065	7.36019	-7.24613
0	2005	326	0.141211	8.02608	-7.88487
0	2005	327	0.110103	7.53448	-7.42438
0	2005	328	0.115417	7.67915	-7.56374
0	2005	329	0.111099	7.3884	-7.27731
0	2005	330	0.108361	7.29406	-7.18569
0	2005	331	0.121744	7.50128	-7.37954
0	2005	332	0.133316	7.94644	-7.81313
0	2005	333	0.12166	7.84928	-7.72762
0	2005	334	0.103301	7.23625	-7.13295
0	2005	335	0.12166	7.49232	-7.37066
0	2005	336	0.174696	8.93666	-8.76196
0	2005	337	0.182621	9.76062	-9.57799
0	2005	338	0.186329	10.2551	-10.0688
0	2005	339	0.156249	9.81363	-9.65738
0	2005	340	0.141799	9.28882	-9.14702
0	2005	341	0.14348	9.10081	-8.95733
0	2005	342	0.160754	9.66732	-9.50657
0	2005	343	0.12976	8.8913	-8.76154
0	2005	344	0.119487	8.26899	-8.1495
0	2005	345	0.110255	7.70051	-7.59025
0	2005	346	0.134709	8.08835	-7.95364
0	2005	347	0.1468	8.54601	-8.39921
0	2005	348	0.147309	8.76278	-8.61547
0	2005	349	0.159643	9.1265	-8.96686
0	2005	350	0.188015	9.99615	-9.80814
0	2005	351	0.122676	8.68634	-8.56366
0	2005	352	0.107166	7.6678	-7.56063
0	2005	353	0.126738	7.8488	-7.72206
0	2005	354	0.110715	7.36809	-7.25737
0	2005	355	0.109418	7.10047	-6.99105
0	2005	356	0.12665	7.45125	-7.3246
0	2005	357	0.148437	8.16683	-8.01839
0	2005	358	0.151241	8.59323	-8.44199
0	2005	359	0.146902	8.65242	-8.50552
0	2005	360	0.11957	7.97483	-7.85526
0	2005	361	0.0934878	6.74171	-6.64823
0	2005	362	0.094334	5.5377	-5.44336
0	2005	363	0.0876515	4.43163	-4.34398
0	2005	364	0.106279	4.52153	-4.41525
0	2005	365	0.167348	6.00471	-5.83736
0	2006	1	0.152188	8.27191	-8.11972
0	2006	2	0.139267	9.31707	-9.1778
0	2006	3	0.139653	8.71756	-8.5779
0	2006	4	0.127002	8.21826	-8.09125
0	2006	5	0.102729	7.23962	-7.13689
0	2006	6	0.109191	6.99987	-6.89068
0	2006	7	0.116947	7.10079	-6.98384
0	2006	8	0.131937	7.56941	-7.43747
0	2006	9	0.141701	8.03171	-7.89001
0	2006	10	0.123272	7.74424	-7.62097
0	2006	11	0.13415	8.01695	-7.8828
0	2006	12	0.146596	8.40458	-8.25799
0	2006	13	0.129222	8.10811	-7.97889
0	2006	14	0.136306	8.17523	-8.03892
0	2006	15	0.12824	7.9757	-7.84746
0	2006	16	0.145181	8.33969	-8.1945
0	2006	17	0.175424	8.83025	-8.65482
0	2006	18	0.186976	9.23465	-9.04767
0	2006	19	0.199564	10.5956	-10.3961
0	2006	20	0.184401	10.4272	-10.2428
0	2006	21	0.144178	9.39393	-9.24975
0	2006	22	0.134336	8.69235	-8.55802
0	2006	23	0.118005	7.90537	-7.78737
0	2006	24	0.0934878	6.70962	-6.61613
0	2006	25	0.0939425	5.50992	-5.41598
0	2006	26	0.108512	5.63993	-5.53142
0	2006	27	0.0780705	4.04088	-3.96281
0	2006	28	0.0916273	3.78344	-3.69182
0	2006	29	0.113434	3.94519	-3.83176
0	2006	30	0.105618	4.42405	-4.31844
0	2006	31	0.103444	4.35525	-4.25181
0	2006	32	0.0973228	4.13529	-4.03797
0	2006	33	0.0930998	3.87227	-3.77917
0	2006	34	0.0864447	3.47859	-3.39215
0	2006	35	0.112416	3.59594	-3.48352
0	2006	36	0.133408	7.22505	-7.09165
0	2006	37	0.138785	10.3618	-10.223
0	2006	38	0.147412	9.57595	-9.42854
0	2006	39	0.152293	9.0428	-8.89051
0	2006	40	0.12413	8.14497	-8.02084
0	2006	41	0.109798	7.35216	-7.24236
0	2006	42	0.103444	6.81245	-6.709
0	2006	43	0.113591	6.89472	-6.78113
0	2006	44	0.15865	8.14752	-7.98887
0	2006	45	0.142885	8.3186	-8.17571
0	2006	46	0.191966	8.87474	-8.68278
0	2006	47	0.17277	8.92033	-8.74756
0	2006	48	0.159311	8.9063	-8.74699
0	2006	49	0.157554	8.97648	-8.81892
0	2006	50	0.156249	8.46214	-8.30589
0	2006	51	0.141015	8.08659	-7.94558
0	2006	52	0.118908	7.6637	-7.54479
0	2006	53	0.135458	8.04918	-7.91372
0	2006	54	0.109191	7.22913	-7.11994
0	2006	55	0.118251	7.15867	-7.04042
0	2006	56	0.115017	7.00786	-6.89284
0	2006	57	0.101315	6.53218	-6.43086
0	2006	58	0.115097	6.72305	-6.60796
0	2006	59	0.118744	6.89937	-6.78062
0	2006	60	0.101175	6.36392	-6.26275
0	2006	61	0.111717	6.57607	-6.46435
0	2006	62	0.119156	6.75514	-6.63599
0	2006	63	0.113198	6.74043	-6.62723
0	2006	64	0.118744	6.86563	-6.74688
0	2006	65	0.128418	7.22153	-7.09311
0	2006	66	0.126914	7.31287	-7.18596
0	2006	67	0.207606	9.2876	-9.07999
0	2006	68	0.200257	9.92536	-9.7251
0	2006	69	0.149573	9.08334	-8.93376
0	2006	70	0.138881	8.49709	-8.35821
0	2006	71	0.101879	7.1281	-7.02622
0	2006	72	0.106058	6.68008	-6.57402
0	2006	73	0.12665	7.04931	-6.92266
0	2006	74	0.141211	7.57905	-7.43784
0	2006	75	0.114144	7.04664	-6.9325
0	2006	76	0.119985	6.98979	-6.8698
0	2006	77	0.140041	7.49103	-7.35099
0	2006	78	0.150613	7.97053	-7.81992
0	2006	79	0.1468	8.07899	-7.93219
0	2006	80	0.132947	7.81025	-7.6773
0	2006	81	0.130935	7.62692	-7.49598
0	2006	82	0.149884	8.0037	-7.85381
0	2006	83	98.272	29.2538	69.0183
0	2006	84	111.77	32.8848	78.885
0	2006	85	151.053	42.0263	109.027
0	2006	86	147.643	41.615	106.028
0	2006	87	0.33801	11.3219	-10.9839
0	2006	88	0.372971	11.1289	-10.756
0	2006	89	135.707	38.5902	97.1169
0	2006	90	143.728	40.2907	103.437
0	2006	91	136.585	38.8225	97.7621
0	2006	92	121.982	35.6307	86.3516
0	2006	93	0.522189	11.0913	-10.5691
0	2006	94	0.41427	10.3212	-9.90694
0	2006	95	0.378311	9.60618	-9.22787
0	2006	96	0.400991	9.29688	-8.89589
0	2006	97	0.438195	9.30325	-8.86506
0	2006	98	0.456486	9.41205	-8.95557
0	2006	99	0.444928	9.37738	-8.93245
0	2006	100	0.400436	9.10034	-8.6999
0	2006	101	0.415132	9.03708	-8.62195
0	2006	102	0.502308	9.44814	-8.94583
0	2006	103	0.543233	9.87594	-9.3327
0	2006	104	134.167	36.9992	97.1682
0	2006	105	128.139	36.0023	92.1367
0	2006	106	123.728	35.1871	88.5412
0	2006	107	0.627115	10.4403	-9.81316
0	2006	108	0.592876	10.2433	-9.65039
0	2006	109	0.658293	10.3463	-9.68799
0	2006	110	0.677739	10.4405	-9.76275
0	2006	111	171.643	45.1867	126.457
0	2006	112	161.137	43.1938	117.943
0	2006	113	147.78	41.0589	106.721
0	2006	114	167.788	45.0576	122.731
0	2006	115	153.848	42.1448	111.704
0	2006	116	164.157	44.291	119.866
0	2006	117	132.756	37.7045	95.0514
0	2006	118	0.961554	11.1058	-10.1442
0	2006	119	0.785368	10.3786	-9.59323
0	2006	120	0.803539	10.0951	-9.29156
0	2006	121	0.998227	9.90908	-8.91086
0	2006	122	181.717	46.6547	135.063
0	2006	123	219.523	55.703	163.82
0	2006	124	225.867	57.6608	168.206
0	2006	125	187.402	49.7862	137.616
0	2006	126	171.601	46.782	124.819
0	2006	127	159.493	43.9476	115.545
0	2006	128	147.824	40.9978	106.826
0	2006	129	1.40356	11.3162	-9.91269
0	2006	130	136.593	38.2058	98.3872
0	2006	131	172.134	45.7813	126.352
0	2006	132	191.9	50.585	141.315
0	2006	133	166.631	45.7008	120.931
0	2006	134	140.77	40.183	100.587
0	2006	135	171.176	46.8885	124.287
0	2006	136	165.606	46.0766	119.529
0	2006	137	157.025	44.5541	112.471
0	2006	138	166.695	47.0257	119.669
0	2006	139	120.36	36.8375	83.5223
0	2006	140	135.075	39.8153	95.2593
0	2006	141	139.507	40.3187	99.1886
0	2006	142	124.888	37.0454	87.8421
0	2006	143	2.00015	11.6871	-9.68696
0	2006	144	97.6772	31.2141	66.4631
0	2006	145	112.566	34.7932	77.7732
0	2006	146	128.539	38.7599	89.7789
0	2006	147	125.694	38.6806	87.0133
0	2006	148	100.104	32.3823	67.7218
0	2006	149	106.234	27.8719	78.3621
0	2006	150	1.93674	11.9313	-9.99452
0	2006	151	1.96786	11.694	-9.7261
0	2006	152	2.1609	11.6668	-9.5059
0	2006	153	112.398	27.6474	84.751
0	2006	154	129.639	30.4386	99.2004
0	2006	155	129.468	30.2734	99.1948
0	2006	156	142.564	32.2588	110.306
0	2006	157	113.787	27.4956	86.2916
0	2006	158	124.947	28.9782	95.9691
0	2006	159	134.882	30.2778	104.605
0	2006	160	137.139	30.5264	106.613
0	2006	161	142.681	31.0078	111.673
0	2006	162	148.073	31.3871	116.686
0	2006	163	147.593	30.7569	116.836
0	2006	164	137.319	28.5392	108.78
0	2006	165	112.641	25.3366	87.3042
0	2006	166	101.584	25.2257	76.3584
0	2006	167	101.269	23.2195	78.0499
0	2006	168	108.766	23.3123	85.4533
0	2006	169	119.954	23.9827	95.9711
0	2006	170	102.418	20.9405	81.4771
0	2006	171	87.0417	18.4443	68.5974
0	2006	172	82.7346	19.5611	63.1735
0	2006	173	72.7859	17.1028	55.6831
0	2006	174	77.6138	16.8998	60.714
0	2006	175	86.4096	17.3078	69.1018
0	2006	176	105.75	28.0235	77.7263
0	2006	177	106.078	23.8426	82.2359
0	2006	178	98.473	21.4487	77.0243
0	2006	179	93.7566	19.9575	73.7991
0	2006	180	95.1067	19.7785	75.3282
0	2006	181	99.9139	19.5631	80.3508
0	2006	182	100.295	18.5928	81.7021
0	2006	183	96.9859	17.2046	79.7813
0	2006	184	96.5844	16.1544	80.43
0	2006	185	89.5182	14.5386	74.9795
0	2006	186	79.1218	14.0783	65.0434
0	2006	187	71.4733	12.6714	58.802
0	2006	188	66.3013	11.5161	54.7852
0	2006	189	3.62194	12.2661	-8.64413
0	2006	190	3.95797	12.582	-8.62404
0	2006	191	4.42219	12.83	-8.40785
0	2006	192	3.96621	12.2444	-8.27818
0	2006	193	3.90078	12.1077	-8.20696
0	2006	194	4.07489	12.2841	-8.20921
0	2006	195	4.06924	12.2826	-8.21334
0	2006	196	0	8.35189	-8.35189
0	2006	197	0	8.56793	-8.56793
0	2006	198	0	8.80815	-8.80815
0	2006	199	0	9.04986	-9.04986
0	2006	200	0	11.321	-11.321
0	2006	201	0	14.1661	-14.1661
0	2006	202	0	13.0023	-13.0023
0	2006	203	0	16.9169	-16.9169
0	2006	204	0	14.0758	-14.0758
0	2006	205	0	13.5253	-13.5253
0	2006	206	0	13.5125	-13.5125
0	2006	207	0	16.5414	-16.5414
0	2006	208	0	15.0338	-15.0338
0	2006	209	0	14.6792	-14.6792
0	2006	210	0	14.4322	-14.4322
0	2006	211	0	16.0329	-16.0329
0	2006	212	0	14.657	-14.657
0	2006	213	0	14.5906	-14.5906
0	2006	214	0	14.0374	-14.0374
0	2006	215	0	14.0994	-14.0994
0	2006	216	0	13.8665	-13.8665
0	2006	217	0	13.8934	-13.8934
0	2006	218	0	13.9902	-13.9902
0	2006	219	0	14.4185	-14.4185
0	2006	220	0	14.1395	-14.1395
0	2006	221	0	13.8558	-13.8558
0	2006	222	0	129.575	-129.575
0	2006	223	0	187.596	-187.596
0	2006	224	0	171.114	-171.114
0	2006	225	0	134.303	-134.303
0	2006	226	0	124.174	-124.174
0	2006	227	0	127.207	-127.207
0	2006	228	0	115.99	-115.99
0	2006	229	0	103.767	-103.767
0	2006	230	0	93.7102	-93.7102
0	2006	231	0	81.9415	-81.9415
0	2006	232	0	75.9156	-75.9156
0	2006	233	0	70.6427	-70.6427
0	2006	234	0	64.0994	-64.0994
0	2006	235	0	59.7858	-59.7858
0	2006	236	0	58.9148	-58.9148
0	2006	237	0	54.0728	-54.0728
0	2006	238	0	50.0435	-50.0435
0	2006	239	0	46.3544	-46.3544
0	2006	240	0	42.8279	-42.8279
0	2006	241	0	37.8431	-37.8431
0	2006	242	0	37.5603	-37.5603
0	2006	243	0	38.6202	-38.6202
0	2006	244	0	38.043	-38.043
0	2006	245	0	36.5843	-36.5843
0	2006	246	0	36.0717	-36.0717
0	2006	247	0	34.494	-34.494
0	2006	248	0	32.7025	-32.7025
0	2006	249	0	31.6919	-31.6919
0	2006	250	0	29.2515	-29.2515
0	2006	251	0	25.59	-25.59
0	2006	252	0	24.2435	-24.2435
0	2006	253	0	23.7061	-23.7061
0	2006	254	0	23.7516	-23.7516
0	2006	255	0	22.7385	-22.7385
0	2006	256	0	21.9179	-21.9179
0	2006	257	0	22.0913	-22.0913
0	2006	258	0	20.372	-20.372
0	2006	259	0	19.602	-19.602
0	2006	260	0	18.7863	-18.7863
0	2006	261	0	18.0674	-18.0674
0	2006	262	0	16.8371	-16.8371
0	2006	263	0	16.4479	-16.4479
0	2006	264	0	16.9367	-16.9367
0	2006	265	0	16.7378	-16.7378
0	2006	266	0	16.6734	-16.6734
0	2006	267	0	16.1087	-16.1087
0	2006	268	0	15.6094	-15.6094
0	2006	269	0	15.1438	-15.1438
0	2006	270	0	14.6745	-14.6745
0	2006	271	0	14.7537	-14.7537
0	2006	272	0	14.8793	-14.8793
0	2006	273	0	14.7672	-14.7672
0	2006	274	0	14.5181	-14.5181
0	2006	275	0	14.0578	-14.0578
0	2006	276	0	13.3894	-13.3894
0	2006	277	24.2722	16.1046	8.16755
0	2006	278	14.3003	18.0006	-3.70033
0	2006	279	30.3085	22.7892	7.51925
0	2006	280	71.2574	30.5045	40.753
0	2006	281	85.9237	33.748	52.1756
0	2006	282	107.207	40.7135	66.4939
0	2006	283	122.743	46.0352	76.7082
0	2006	284	10.6601	24.3849	-13.7248
0	2006	285	9.40321	22.1196	-12.7163
0	2006	286	8.66472	20.8579	-12.1932
0	2006	287	9.93248	21.7128	-11.7803
0	2006	288	8.46291	19.9141	-11.4512
0	2006	289	8.72499	19.9377	-11.2127
0	2006	290	8.96407	20.061	-11.0969
0	2006	291	9.48175	21.3855	-11.9038
0	2006	292	9.94626	21.4127	-11.4665
0	2006	293	9.3577	20.6458	-11.2881
0	2006	294	9.1842	20.3432	-11.159
0	2006	295	10.5061	22.0468	-11.5407
0	2006	296	10.839	23.1448	-12.3058
0	2006	297	8.3464	20.1575	-11.8111
0	2006	298	9.13341	20.4383	-11.3048
0	2006	299	11.9767	23.448	-11.4713
0	2006	300	9.83656	21.1277	-11.2911
0	2006	301	9.87755	21.0611	-11.1835
0	2006	302	9.72807	21.0044	-11.2763
0	2006	303	7.05259	17.663	-10.6104
0	2006	304	7.32157	17.4897	-10.1682
0	2006	305	5.70471	15.2335	-9.52874
0	2006	306	4.59528	13.4223	-8.82703
0	2006	307	4.49136	12.7176	-8.22622
0	2006	308	4.31438	12.0438	-7.72942
0	2006	309	4.11575	11.4199	-7.30413
0	2006	310	4.27864	11.316	-7.03731
0	2006	311	4.60804	11.5164	-6.90836
0	2006	312	6.13964	13.322	-7.18239
0	2006	313	6.88355	14.4421	-7.55853
0	2006	314	4.67561	12.0391	-7.36345
0	2006	315	6.85024	14.9022	-8.05193
0	2006	316	6.74657	14.7052	-7.9586
0	2006	317	7.67493	15.8559	-8.18101
0	2006	318	8.85292	17.2901	-8.43719
0	2006	319	8.70083	17.262	-8.5612
0	2006	320	8.8775	18.3659	-9.48842
0	2006	321	7.1115	16.0043	-8.89284
0	2006	322	6.13538	15.5989	-9.46351
0	2006	323	5.59506	14.7204	-9.12532
0	2006	324	6.20381	14.7273	-8.52345
0	2006	325	5.85697	14.05	-8.193
0	2006	326	5.33746	13.2218	-7.88431
0	2006	327	7.63249	15.8884	-8.25591
0	2006	328	7.61664	16.056	-8.4394
0	2006	329	8.99519	17.8167	-8.82153
0	2006	330	7.23581	15.9841	-8.74828
0	2006	331	7.3013	15.9964	-8.69512
0	2006	332	7.00873	15.6605	-8.65175
0	2006	333	5.54487	13.7549	-8.20999
0	2006	334	4.69184	12.3691	-7.6773
0	2006	335	5.8448	13.415	-7.57022
0	2006	336	6.58943	14.2654	-7.67599
0	2006	337	6.32977	14.3061	-7.9763
0	2006	338	7.6272	15.7224	-8.09516
0	2006	339	8.1803	16.577	-8.39672
0	2006	340	6.0008	14.1178	-8.11705
0	2006	341	6.33855	14.3374	-7.99884
0	2006	342	6.22103	14.1556	-7.93459
0	2006	343	4.64009	12.0239	-7.38376
0	2006	344	4.33837	11.2493	-6.91097
0	2006	345	5.13781	11.9599	-6.82209
0	2006	346	5.15565	11.9153	-6.75969
0	2006	347	5.67317	12.5173	-6.84412
0	2006	348	4.90466	11.6059	-6.70128
0	2006	349	4.2935	10.7068	-6.41334
0	2006	350	4.87754	11.2713	-6.39372
0	2006	351	3.89103	9.92759	-6.03656
0	2006	352	4.2432	10.1366	-5.8934
0	2006	353	3.74289	9.37334	-5.63044
0	2006	354	3.64054	9.04005	-5.39951
0	2006	355	4.3898	9.85409	-5.46429
0	2006	356	4.2668	9.74774	-5.48094
0	2006	357	3.53119	8.78177	-5.25059
0	2006	358	3.68881	8.81296	-5.12415
0	2006	359	3.46092	8.4115	-4.95059
0	2006	360	3.22244	7.95756	-4.73512
0	2006	361	3.30386	7.90954	-4.60568
0	2006	362	3.11052	7.51333	-4.40281
0	2006	363	3.95905	8.56404	-4.60499
0	2006	364	6.28169	11.5973	-5.31564
0	2006	365	6.75593	12.7116	-5.95571
0	2007	1	6.38707	12.7077	-6.32063
0	2007	2	5.15565	11.4736	-6.31794
0	2007	3	5.27859	11.5642	-6.28563
0	2007	4	6.30787	12.8558	-6.54792
0	2007	5	6.54391	13.2905	-6.74661
0	2007	6	163.332	47.0638	116.269
0	2007	7	7.6296	14.5985	-6.96892
0	2007	8	170.991	50.2822	120.709
0	2007	9	158.126	50.9194	107.207
0	2007	10	12.2017	19.5735	-7.37186
0	2007	11	11.1425	18.409	-7.26642
0	2007	12	12.4408	19.6767	-7.23587
0	2007	13	186.279	56.7024	129.577
0	2007	14	12.0413	19.121	-7.07962
0	2007	15	10.2243	16.998	-6.77377
0	2007	16	12.7898	19.5851	-6.79531
0	2007	17	204.186	62.505	141.681
0	2007	18	185.351	64.2157	121.135
0	2007	19	135.544	55.7439	79.7999
0	2007	20	170.911	61.6688	109.242
0	2007	21	17.514	25.3539	-7.83985
0	2007	22	14.7275	21.5388	-6.81129
0	2007	23	11.7569	18.0122	-6.25527
0	2007	24	11.579	17.3777	-5.79876
0	2007	25	9.64939	14.8983	-5.24894
0	2007	26	10.1996	15.0912	-4.89164
0	2007	27	14.2061	19.1342	-4.92811
0	2007	28	15.2152	20.258	-5.04282
0	2007	29	17.2012	22.444	-5.24278
0	2007	30	18.0064	23.458	-5.45164
0	2007	31	17.6358	23.2341	-5.59826
0	2007	32	19.6497	25.4509	-5.80121
0	2007	33	20.4558	26.4638	-6.00798
0	2007	34	16.9057	22.8946	-5.9889
0	2007	35	15.5996	21.4908	-5.89119
0	2007	36	15.9274	21.7331	-5.80576
0	2007	37	14.8094	20.486	-5.67664
0	2007	38	12.1631	17.5909	-5.4278
0	2007	39	16.6845	22.3398	-5.65524
0	2007	40	16.9762	22.6042	-5.62801
0	2007	41	19.924	25.8273	-5.90327
0	2007	42	22.0306	28.2137	-6.18311
0	2007	43	21.2507	27.5254	-6.2747
0	2007	44	19.8826	26.1877	-6.30501
0	2007	45	19.5682	25.9297	-6.36151
0	2007	46	15.9274	22.0975	-6.1701
0	2007	47	17.4413	23.5329	-6.09156
0	2007	48	212.706	68.9639	143.742
0	2007	49	23.5622	29.9494	-6.38719
0	2007	50	20.1597	26.5071	-6.34743
0	2007	51	22.6337	29.0231	-6.38942
0	2007	52	23.6604	30.139	-6.47863
0	2007	53	21.3535	27.7911	-6.43764
0	2007	54	23.8084	30.267	-6.45855
0	2007	55	212.22	70.721	141.499
0	2007	56	23.6423	30.255	-6.61271
0	2007	57	23.7737	30.2786	-6.50483
0	2007	58	25.269	31.8036	-6.53462
0	2007	59	226.926	76.5875	150.338
0	2007	60	28.0749	34.763	-6.68808
0	2007	61	25.1104	31.6909	-6.58049
0	2007	62	29.9651	36.5981	-6.63296
0	2007	63	222.116	76.9088	145.207
0	2007	64	31.6515	38.3575	-6.70598
0	2007	65	30.0481	36.8612	-6.81311
0	2007	66	28.4272	35.1163	-6.68906
0	2007	67	26.3403	32.877	-6.53666
0	2007	68	27.4589	33.9246	-6.46566
0	2007	69	26.1041	32.4582	-6.35416
0	2007	70	26.9498	33.2506	-6.30078
0	2007	71	28.8241	35.1379	-6.31382
0	2007	72	25.2149	31.436	-6.22111
0	2007	73	27.2126	33.4136	-6.20099
0	2007	74	27.2315	33.4139	-6.18242
0	2007	75	25.1102	31.2138	-6.10356
0	2007	76	29.1051	35.2611	-6.156
0	2007	77	27.2503	33.6131	-6.36273
0	2007	78	18.729	24.7044	-5.97544
0	2007	79	19.0961	24.8201	-5.7241
0	2007	80	20.6376	26.1494	-5.51182
0	2007	81	21.3802	26.7645	-5.38435
0	2007	82	19.376	24.5696	-5.19352
0	2007	83	22.2727	27.4671	-5.1944
0	2007	84	25.3375	30.6166	-5.27905
0	2007	85	27.8037	33.2488	-5.44518
0	2007	86	30.6795	36.3538	-5.67433
0	2007	87	31.5202	37.4419	-5.9217
0	2007	88	26.6341	32.6664	-6.03231
0	2007	89	20.9983	26.7997	-5.80132
0	2007	90	22.381	28.042	-5.66102
0	2007	91	31.4983	37.3358	-5.83749
0	2007	92	254.323	87.6794	166.644
0	2007	93	31.4239	37.574	-6.15012
0	2007	94	27.5655	33.6499	-6.08444
0	2007	95	30.3114	36.382	-6.07057
0	2007	96	240.064	85.367	154.697
0	2007	97	34.1806	40.3826	-6.20207
0	2007	98	35.4105	41.6482	-6.23771
0	2007	99	236.44	86.1476	150.292
0	2007	100	252.345	93.0142	159.331
0	2007	101	283.03	105.302	177.728
0	2007	102	323.243	123.141	200.101
0	2007	103	355.805	143.759	212.046
0	2007	104	339.923	147.813	192.11
0	2007	105	303.976	141.473	162.502
0	2007	106	266.912	131.134	135.778
0	2007	107	216.491	112.417	104.074
0	2007	108	167.698	92.7781	74.92
0	2007	109	176.146	98.9421	77.2042
0	2007	110	184.93	105.929	79.0011
0	2007	111	179.039	105.921	73.1177
0	2007	112	208.319	125.613	82.7064
0	2007	113	227.279	142.414	84.8645
0	2007	114	229.839	150.368	79.4708
0	2007	115	213.747	145.544	68.2034
0	2007	116	199.594	138.779	60.8151
0	2007	117	219.251	147.559	71.692
0	2007	118	220.38	150.699	69.681
0	2007	119	247.653	136.992	110.661
0	2007	120	252.39	141.301	111.09
0	2007	121	241.914	139.776	102.138
0	2007	122	231.81	138.25	93.5601
0	2007	123	195.251	120.498	74.7537
0	2007	124	194.314	114.495	79.8182
0	2007	125	163.187	100.125	63.0621
0	2007	126	160.848	100.471	60.3765
0	2007	127	221.189	130.502	90.6871
0	2007	128	221.753	131.064	90.6895
0	2007	129	217.615	132.28	85.3353
0	2007	130	216.534	135.242	81.2921
0	2007	131	178.999	114.912	64.0875
0	2007	132	184.475	120.69	63.7841
0	2007	133	183.937	117.365	66.5721
0	2007	134	160.766	104.027	56.7395
0	2007	135	142.076	94.1185	47.9573
0	2007	136	155.994	103.094	52.9
0	2007	137	175.797	116.131	59.6662
0	2007	138	210.038	141.366	68.6715
0	2007	139	165.184	114.709	50.4748
0	2007	140	134.448	94.0093	40.4391
0	2007	141	172.848	120.941	51.9064
0	2007	142	165.586	119.045	46.5419
0	2007	143	158.001	116.867	41.1334
0	2007	144	176.088	134.2	41.8889
0	2007	145	168.505	127.443	41.0622
0	2007	146	124.715	97.6233	27.0921
0	2007	147	63.3626	71.041	-7.67845
0	2007	148	61.6727	69.1222	-7.44956
0	2007	149	89.7538	73.5273	16.2265
0	2007	150	98.5523	80.7886	17.7636
0	2007	151	94.9768	79.544	15.4327
0	2007	152	89.8177	77.1758	12.6419
0	2007	153	108.745	94.6646	14.0803
0	2007	154	96.8509	103.877	-7.02591
0	2007	155	99.9887	107.143	-7.15415
0	2007	156	104.379	111.629	-7.24935
0	2007	157	104.887	112.195	-7.30756
0	2007	158	91.8173	99.2403	-7.42304
0	2007	159	100.545	107.904	-7.35944
0	2007	160	101.807	109.082	-7.275
0	2007	161	103.228	110.448	-7.22014
0	2007	162	107.091	114.233	-7.14234
0	2007	163	94.3986	101.547	-7.14799
0	2007	164	100.545	107.896	-7.35122
0	2007	165	97.8631	106.385	-8.5221
0	2007	166	89.6166	97.3307	-7.71419
0	2007	167	85.1948	92.7048	-7.51
0	2007	168	86.0256	93.9068	-7.88128
0	2007	169	105.324	112.85	-7.52599
0	2007	170	120.317	128.38	-8.06319
0	2007	171	104.814	112.576	-7.76131
0	2007	172	95.3191	103	-7.68058
0	2007	173	81.498	89.4267	-7.92868
0	2007	174	89.1828	96.8197	-7.63689
0	2007	175	96.3153	103.788	-7.47317
0	2007	176	81.0474	89.039	-7.99166
0	2007	177	71.6897	79.1975	-7.50784
0	2007	178	73.2976	80.5497	-7.25212
0	2007	179	82.6357	89.7663	-7.13059
0	2007	180	0	7.83546	-7.83546
0	2007	181	0	8.22704	-8.22704
0	2007	182	0	9.15038	-9.15038
0	2007	183	0	9.1675	-9.1675
0	2007	184	0	10.0606	-10.0606
0	2007	185	0	9.64565	-9.64565
0	2007	186	0	9.40369	-9.40369
0	2007	187	0	9.47925	-9.47925
0	2007	188	0	9.55693	-9.55693
0	2007	189	0	9.71187	-9.71187
0	2007	190	0	9.52592	-9.52592
0	2007	191	0	9.44719	-9.44719
0	2007	192	0	9.6185	-9.6185
0	2007	193	0	9.84603	-9.84603
0	2007	194	0	10.6241	-10.6241
0	2007	195	0	11.1353	-11.1353
0	2007	196	0	11.5663	-11.5663
0	2007	197	0	11.7072	-11.7072
0	2007	198	0	11.4973	-11.4973
0	2007	199	0	11.3712	-11.3712
0	2007	200	0	49.0915	-49.0915
0	2007	201	0	51.2612	-51.2612
0	2007	202	0	42.4597	-42.4597
0	2007	203	0	36.5891	-36.5891
0	2007	204	0	32.3042	-32.3042
0	2007	205	0	28.8994	-28.8994
0	2007	206	0	26.418	-26.418
0	2007	207	0	24.8647	-24.8647
0	2007	208	0	23.2905	-23.2905
0	2007	209	0	21.749	-21.749
0	2007	210	0	20.1244	-20.1244
0	2007	211	0	18.2685	-18.2685
0	2007	212	0	17.1141	-17.1141
0	2007	213	0	16.827	-16.827
0	2007	214	0	16.1163	-16.1163
0	2007	215	0	15.4803	-15.4803
0	2007	216	0	15.3288	-15.3288
0	2007	217	0	15.4805	-15.4805
0	2007	218	0	15.0546	-15.0546
0	2007	219	0	13.6788	-13.6788
0	2007	220	0	12.9199	-12.9199
0	2007	221	0	12.1263	-12.1263
0	2007	222	0	11.8329	-11.8329
0	2007	223	0	11.7537	-11.7537
0	2007	224	0	11.7106	-11.7106
0	2007	225	0	15.1306	-15.1306
0	2007	226	0	15.4621	-15.4621
0	2007	227	0	15.3546	-15.3546
0	2007	228	0	14.5351	-14.5351
0	2007	229	0	13.7708	-13.7708
0	2007	230	0	13.4711	-13.4711
0	2007	231	0	13.0713	-13.0713
0	2007	232	0	12.5995	-12.5995
0	2007	233	0	12.5137	-12.5137
0	2007	234	0	12.9034	-12.9034
0	2007	235	0	11.9628	-11.9628
0	2007	236	0	11.9954	-11.9954
0	2007	237	0	11.8206	-11.8206
0	2007	238	0	11.807	-11.807
0	2007	239	0	11.5038	-11.5038
0	2007	240	0	11.0458	-11.0458
0	2007	241	0	10.6798	-10.6798
0	2007	242	0	10.4112	-10.4112
0	2007	243	0	10.4205	-10.4205
0	2007	244	0	10.3317	-10.3317
0	2007	245	0	10.1591	-10.1591
0	2007	246	0	9.90211	-9.90211
0	2007	247	0	9.39085	-9.39085
0	2007	248	0	9.17002	-9.17002
0	2007	249	0	9.39846	-9.39846
0	2007	250	0	9.41319	-9.41319
0	2007	251	0	9.40929	-9.40929
0	2007	252	0	9.21665	-9.21665
0	2007	253	0	8.90226	-8.90226
0	2007	254	0	8.58995	-8.58995
0	2007	255	0	8.35899	-8.35899
0	2007	256	0	8.29459	-8.29459
0	2007	257	0	8.24716	-8.24716
0	2007	258	0	8.2863	-8.2863
0	2007	259	0	8.40925	-8.40925
0	2007	260	0	8.58199	-8.58199
0	2007	261	0	7.88036	-7.88036
0	2007	262	0	7.43534	-7.43534
0	2007	263	0	7.46511	-7.46511
0	2007	264	0	7.56422	-7.56422
0	2007	265	0	7.67094	-7.67094
0	2007	266	0	7.92687	-7.92687
0	2007	267	0	8.01563	-8.01563
0	2007	268	2.60525	8.21896	-5.61371
0	2007	269	3.5652	7.68089	-4.11568
0	2007	270	6.42142	8.48112	-2.0597
0	2007	271	9.55049	9.38408	0.166406
0	2007	272	12.9336	10.3458	2.58782
0	2007	273	15.1761	10.9065	4.26963
0	2007	274	23.4947	13.8305	9.66423
0	2007	275	28.0379	15.1833	12.8545
0	2007	276	30.7217	16.0303	14.6914
0	2007	277	26.9592	14.8894	12.0698
0	2007	278	29.254	15.5154	13.7386
0	2007	279	29.6562	15.6234	14.0327
0	2007	280	29.162	15.5116	13.6503
0	2007	281	29.6219	15.65	13.972
0	2007	282	35.1245	18.1406	16.9839
0	2007	283	32.571	17.1065	15.4646
0	2007	284	34.0098	17.5465	16.4632
0	2007	285	37.6944	18.8426	18.8517
0	2007	286	40.7199	20.0345	20.6854
0	2007	287	38.4686	19.5307	18.9379
0	2007	288	35.2252	18.6543	16.5709
0	2007	289	47.2052	22.8016	24.4036
0	2007	290	42.2216	21.4658	20.7558
0	2007	291	33.5013	18.6926	14.8087
0	2007	292	28.6388	17.1336	11.5052
0	2007	293	24.7757	15.8645	8.91117
0	2007	294	21.8181	14.8315	6.9866
0	2007	295	24.4636	15.5529	8.91074
0	2007	296	20.6664	14.324	6.34241
0	2007	297	21.8491	14.6229	7.22614
0	2007	298	29.968	17.2295	12.7385
0	2007	299	33.3315	18.4999	14.8316
0	2007	300	35.9107	19.5823	16.3284
0	2007	301	36.1188	19.8797	16.2391
0	2007	302	39.2069	21.968	17.2389
0	2007	303	33.2324	19.7048	13.5276
0	2007	304	30.0141	18.553	11.4611
0	2007	305	37.3393	21.114	16.2253
0	2007	306	48.6101	25.5104	23.0997
0	2007	307	51.4315	27.0095	24.422
0	2007	308	45.2358	24.9772	20.2587
0	2007	309	34.583	21.2015	13.3815
0	2007	310	33.744	20.956	12.788
0	2007	311	34.6989	21.3572	13.3417
0	2007	312	45.3454	25.5958	19.7496
0	2007	313	29.7725	19.9061	9.86635
0	2007	314	42.2837	24.6289	17.6548
0	2007	315	45.1047	25.9854	19.1193
0	2007	316	25.0619	18.559	6.50287
0	2007	317	24.7496	18.3451	6.40451
0	2007	318	27.1233	19.1227	8.00059
0	2007	319	8.47179	13.2078	-4.73597
0	2007	320	7.42642	11.8389	-4.41246
0	2007	321	7.6352	11.8104	-4.17517
0	2007	322	7.67766	11.7156	-4.0379
0	2007	323	30.0695	19.4166	10.6529
0	2007	324	44.1481	25.1916	18.9565
0	2007	325	46.2964	26.5326	19.7639
0	2007	326	39.231	24.0324	15.1986
0	2007	327	30.3543	20.7677	9.58662
0	2007	328	20.7457	17.2304	3.51533
0	2007	329	33.3781	21.9337	11.4445
0	2007	330	29.841	20.6932	9.14784
0	2007	331	26.3562	19.4328	6.92345
0	2007	332	10.3993	14.7991	-4.39988
0	2007	333	33.0132	21.9182	11.095
0	2007	334	37.0257	23.7094	13.3163
0	2007	335	44.9073	27.3067	17.6006
0	2007	336	50.0436	29.9326	20.111
0	2007	337	42.651	27.0563	15.5947
0	2007	338	44.191	27.8974	16.2935
0	2007	339	20.2824	25.454	-5.17164
0	2007	340	20.5798	25.883	-5.30321
0	2007	341	19.0162	24.3746	-5.35841
0	2007	342	15.0653	20.374	-5.30872
0	2007	343	16.716	21.9539	-5.23791
0	2007	344	14.4016	19.5061	-5.10446
0	2007	345	12.4853	17.3499	-4.86466
0	2007	346	10.638	15.2029	-4.56491
0	2007	347	10.6012	14.9266	-4.32538
0	2007	348	10.1623	14.2685	-4.10616
0	2007	349	9.58751	13.4772	-3.8897
0	2007	350	8.51589	12.1664	-3.65047
0	2007	351	8.69482	12.1691	-3.47431
0	2007	352	7.82536	10.9814	-3.15606
0	2007	353	7.60083	10.2781	-2.67723
0	2007	354	8.05094	10.4795	-2.42856
0	2007	355	9.26735	11.6657	-2.39838
0	2007	356	9.99465	12.4229	-2.42824
0	2007	357	9.89813	12.4034	-2.50523
0	2007	358	10.712	14.2364	-3.52442
0	2007	359	11.8528	15.6308	-3.77795
0	2007	360	11.5928	15.1822	-3.58943
0	2007	361	13.6436	17.2833	-3.63966
0	2007	362	13.289	16.9888	-3.69983
0	2007	363	14.9095	18.7712	-3.86173
0	2007	364	13.587	17.5197	-3.93267
0	2007	365	13.0516	17.0025	-3.95087
0	2008	1	24.5357	19.0529	5.48281
0	2008	2	9.86299	13.6228	-3.75979
0	2008	3	10.793	14.4559	-3.66285
0	2008	4	40.6739	25.5267	15.1471
0	2008	5	43.5004	27.1019	16.3986
0	2008	6	38.8702	25.4276	13.4426
0	2008	7	47.004	29.2698	17.7342
0	2008	8	34.4872	24.0991	10.3881
0	2008	9	40.2359	26.702	13.534
0	2008	10	43.9304	28.5439	15.3865
0	2008	11	48.6188	30.9437	17.6751
0	2008	12	35.9722	25.5103	10.4619
0	2008	13	37.3892	26.2107	11.1785
0	2008	14	41.4505	28.1364	13.3141
0	2008	15	46.0596	30.5503	15.5092
0	2008	16	38.2509	27.1438	11.1071
0	2008	17	46.3524	30.9854	15.367
0	2008	18	55.307	35.6136	19.6934
0	2008	19	66.2583	41.6713	24.587
0	2008	20	61.022	39.4058	21.6163
0	2008	21	54.9511	36.9605	17.9906
0	2008	22	39.6627	29.7302	9.9325
0	2008	23	45.4984	32.5075	12.9908
0	2008	24	44.249	32.0239	12.2251
0	2008	25	27.3229	24.1241	3.19879
0	2008	26	28.1887	24.2267	3.96196
0	2008	27	16.0998	20.482	-4.38219
0	2008	28	15.3373	19.5668	-4.22953
0	2008	29	14.6109	18.6705	-4.05955
0	2008	30	15.3373	19.328	-3.99071
0	2008	31	27.4674	23.1854	4.28208
0	2008	32	32.8922	25.7192	7.17306
0	2008	33	16.0614	20.0446	-3.98318
0	2008	34	29.6695	24.2834	5.38616
0	2008	35	38.1597	28.3394	9.82027
0	2008	36	51.0561	35.0621	15.994
0	2008	37	48.8817	34.3005	14.5812
0	2008	38	35.7533	27.9959	7.7574
0	2008	39	37.5548	28.9317	8.62312
0	2008	40	39.2396	29.8829	9.35666
0	2008	41	35.0128	27.9235	7.08937
0	2008	42	36.5938	28.804	7.78981
0	2008	43	36.4397	28.8746	7.56511
0	2008	44	35.0713	28.3272	6.74413
0	2008	45	15.5129	19.639	-4.12614
0	2008	46	14.474	18.3734	-3.89936
0	2008	47	15.4057	19.157	-3.75127
0	2008	48	16.2841	19.9561	-3.67194
0	2008	49	25.55	23.1965	2.3535
0	2008	50	32.0081	26.4525	5.55562
0	2008	51	45.91	33.9687	11.9414
0	2008	52	46.4475	34.755	11.6926
0	2008	53	52.4991	38.7373	13.7617
0	2008	54	49.4248	37.4902	11.9346
0	2008	55	51.4911	39.37	12.1212
0	2008	56	54.5941	41.879	12.7151
0	2008	57	50.0821	39.2345	10.8476
0	2008	58	41.4243	34.2702	7.15418
0	2008	59	51.5403	41.1754	10.3649
0	2008	60	50.907	42.0071	8.8999
0	2008	61	51.5054	43.4986	8.00678
0	2008	62	51.7693	43.4604	8.3089
0	2008	63	42.1881	36.1982	5.98995
0	2008	64	28.3749	27.9294	0.445518
0	2008	65	19.6504	24.3947	-4.74426
0	2008	66	30.6239	28.607	2.01682
0	2008	67	39.7671	33.4375	6.32957
0	2008	68	38.7539	32.9157	5.83823
0	2008	69	41.3213	34.3869	6.93439
0	2008	70	41.194	34.3716	6.8224
0	2008	71	54.905	42.3693	12.5357
0	2008	72	49.1016	39.4728	9.62882
0	2008	73	48.2207	39.115	9.10568
0	2008	74	57.6654	46.9625	10.7029
0	2008	75	54.9847	45.6399	9.34474
0	2008	76	50.0247	41.8216	8.20306
0	2008	77	37.14	33.4146	3.72532
0	2008	78	28.8783	28.5729	0.305374
0	2008	79	30.7063	29.3814	1.32491
0	2008	80	33.5074	30.6973	2.81009
0	2008	81	40.1146	34.4637	5.65093
0	2008	82	28.4181	27.7452	0.672955
0	2008	83	20.0523	24.5481	-4.49585
0	2008	84	20.3322	24.68	-4.34777
0	2008	85	29.0405	27.686	1.35454
0	2008	86	41.1928	34.5765	6.61623
0	2008	87	38.4326	33.1141	5.31853
0	2008	88	39.0943	33.4934	5.60083
0	2008	89	51.4279	41.2226	10.2052
0	2008	90	50.7202	40.9678	9.75243
0	2008	91	45.8082	38.4169	7.39132
0	2008	92	50.0034	41.3101	8.6933
0	2008	93	52.8409	43.2351	9.60577
0	2008	94	54.8842	45.4221	9.46215
0	2008	95	48.8114	41.4851	7.32626
0	2008	96	42.7603	37.5478	5.21254
0	2008	97	27.487	28.2635	-0.776415
0	2008	98	27.5122	28.0464	-0.53428
0	2008	99	32.8997	30.9794	1.9203
0	2008	100	38.4522	34.3817	4.07049
0	2008	101	42.3431	36.9939	5.34928
0	2008	102	44.7874	38.9647	5.82271
0	2008	103	46.8478	40.4245	6.42333
0	2008	104	46.9928	40.4632	6.52965
0	2008	105	0	5.18542	-5.18542
0	2008	106	0	5.10147	-5.10147
0	2008	107	0	12.2213	-12.2213
0	2008	108	0	23.152	-23.152
0	2008	109	0	90.6295	-90.6295
0	2008	110	0	86.6595	-86.6595
0	2008	111	0	78.7715	-78.7715
0	2008	112	0	72.2183	-72.2183
0	2008	113	0	69.812	-69.812
0	2008	114	0	65.6171	-65.6171
0	2008	115	0	60.3314	-60.3314
0	2008	116	0	57.4564	-57.4564
0	2008	117	0	56.2174	-56.2174
0	2008	118	0	55.7802	-55.7802
0	2008	119	3.49067	51.2813	-47.7906
0	2008	120	0.197314	43.14	-42.9427
0	2008	121	0.204272	39.5527	-39.3485
0	2008	122	0.198686	36.7966	-36.5979
0	2008	123	9.33541	39.501	-30.1656
0	2008	124	16.3986	44.8333	-28.4347
0	2008	125	13.8389	44.6197	-30.7808
0	2008	126	23.3811	43.9501	-20.569
0	2008	127	66.3214	49.0788	17.2426
0	2008	128	82.2671	49.8306	32.4364
0	2008	129	96.5227	50.2436	46.2791
0	2008	130	101.486	52.2874	49.1985
0	2008	131	115.432	52.7012	62.7311
0	2008	132	123.933	51.649	72.2835
0	2008	133	127.213	50.2702	76.9427
0	2008	134	138.645	49.6843	88.9608
0	2008	135	137.075	70.5693	66.5056
0	2008	136	129.283	55.1347	74.1486
0	2008	137	130.225	51.3266	78.8985
0	2008	138	116.135	49.3035	66.8311
0	2008	139	101.024	42.3993	58.6244
0	2008	140	95.5106	38.8812	56.6293
0	2008	141	106.249	39.9414	66.3071
0	2008	142	126.123	43.9182	82.2049
0	2008	143	136.619	46.0954	90.5236
0	2008	144	151.814	49.7307	102.084
0	2008	145	150.504	62.6942	87.8099
0	2008	146	149.82	55.8322	93.9879
0	2008	147	142.351	52.1369	90.2141
0	2008	148	131.824	52.5474	79.2766
0	2008	149	153.842	54.2748	99.5677
0	2008	150	151.428	53.4205	98.007
0	2008	151	163.984	56.5798	107.405
0	2008	152	146.107	51.8839	94.2233
0	2008	153	143.191	51.927	91.2636
0	2008	154	156.614	55.5261	101.088
0	2008	155	118.38	46.0135	72.3663
0	2008	156	122.953	46.5909	76.3619
0	2008	157	118.469	46.4322	72.0366
0	2008	158	98.8862	41.0461	57.8401
0	2008	159	99.0759	41.0618	58.0141
0	2008	160	100.578	41.661	58.9171
0	2008	161	121.544	48.8513	72.6931
0	2008	162	113.283	47.0769	66.2065
0	2008	163	85.1925	38.595	46.5975
0	2008	164	82.1008	41.9961	40.1047
0	2008	165	76.1638	36.7401	39.4237
0	2008	166	77.6111	36.419	41.1922
0	2008	167	71.3659	35.3038	36.0621
0	2008	168	79.874	37.3702	42.5037
0	2008	169	85.0531	39.2861	45.767
0	2008	170	79.0096	37.7813	41.2283
0	2008	171	79.3052	38.9406	40.3646
0	2008	172	81.9267	40.5549	41.3718
0	2008	173	90.1168	45.4167	44.7
0	2008	174	82.335	43.7931	38.5419
0	2008	175	65.3151	34.5381	30.777
0	2008	176	114.075	42.1099	71.9649
0	2008	177	103.661	38.894	64.7666
0	2008	178	88.8775	34.2919	54.5856
0	2008	179	82.037	32.2271	49.8099
0	2008	180	90.4022	34.8974	55.5048
0	2008	181	81.448	32.2008	49.2472
0	2008	182	74.9009	30.07	44.8308
0	2008	183	85.8211	35.0867	50.7344
0	2008	184	107.548	44.5145	63.034
0	2008	185	89.8634	33.6266	56.2368
0	2008	186	92.6785	33.8753	58.8032
0	2008	187	94.842	34.4528	60.3892
0	2008	188	84.5805	31.3543	53.2263
0	2008	189	75.1164	28.8264	46.29
0	2008	190	79.8667	30.4152	49.4515
0	2008	191	90.128	32.6139	57.5141
0	2008	192	99.9479	35.6699	64.278
0	2008	193	83.5807	30.6314	52.9493
0	2008	194	117.997	36.1752	81.8216
0	2008	195	112.062	34.5875	77.4746
0	2008	196	130.547	38.8366	91.7106
0	2008	197	145.512	42.9621	102.55
0	2008	198	128.039	38.5066	89.5324
0	2008	199	126.76	38.0888	88.671
0	2008	200	128.282	38.3679	89.9141
0	2008	201	95.8918	31.8977	63.9941
0	2008	202	96.5295	30.4304	66.0991
0	2008	203	77.914	26.7538	51.1602
0	2008	204	84.5528	28.573	55.9799
0	2008	205	95.3535	31.8318	63.5217
0	2008	206	121.801	37.6418	84.1595
0	2008	207	107.361	39.9143	67.4466
0	2008	208	120.582	39.3398	81.2424
0	2008	209	126.751	40.4596	86.2913
0	2008	210	132.136	42.457	89.679
0	2008	211	108.96	34.9977	73.9625
0	2008	212	118.718	38.2251	80.4924
0	2008	213	117.699	39.1916	78.5072
0	2008	214	86.4174	29.0088	57.4087
0	2008	215	80.1982	27.1067	53.0915
0	2008	216	85.7658	30.0706	55.6952
0	2008	217	76.5886	26.7836	49.8051
0	2008	218	82.5511	28.6958	53.8553
0	2008	219	89.6317	36.3505	53.2812
0	2008	220	16.4501	31.4496	-14.9994
0	2008	221	14.026	23.5311	-9.50514
0	2008	222	15.3485	23.7029	-8.35434
0	2008	223	15.0326	23.0814	-8.04879
0	2008	224	14.4203	23.8379	-9.41767
0	2008	225	16.0003	24.124	-8.1237
0	2008	226	14.3207	22.0228	-7.7021
0	2008	227	12.9065	20.349	-7.44248
0	2008	228	13.4546	20.7173	-7.26273
0	2008	229	14.5206	21.732	-7.21145
0	2008	230	14.9288	21.9962	-7.06736
0	2008	231	16.5646	23.5061	-6.94154
0	2008	232	14.8257	23.5996	-8.77388
0	2008	233	14.1235	21.7511	-7.62761
0	2008	234	13.9291	24.3498	-10.4207
0	2008	235	11.959	26.1065	-14.1474
0	2008	236	11.7129	21.4826	-9.76965
0	2008	237	11.5517	21.487	-9.93538
0	2008	238	14.026	23.0247	-8.99879
0	2008	239	13.8329	22.353	-8.52017
0	2008	240	13.9291	22.1608	-8.2317
0	2008	241	13.8329	21.806	-7.97315
0	2008	242	14.2218	21.9006	-7.67883
0	2008	243	17.8769	25.3812	-7.50425
0	2008	244	19.7671	27.115	-7.34791
0	2008	245	12.7735	21.6824	-8.90885
0	2008	246	12.6407	21.9875	-9.34677
0	2008	247	12.508	22.3616	-9.85357
0	2008	248	12.3756	20.8145	-8.43892
0	2008	249	12.2435	21.1233	-8.87985
0	2008	250	12.1117	20.4861	-8.37441
0	2008	251	11.9804	20.3466	-8.36626
0	2008	252	11.8495	20.8197	-8.97021
0	2008	253	0	9.31364	-9.31364
0	2008	254	0	9.3299	-9.3299
0	2008	255	0	9.24182	-9.24182
0	2008	256	0	9.094	-9.094
0	2008	257	0	8.99635	-8.99635
0	2008	258	0	9.56851	-9.56851
0	2008	259	0	9.31596	-9.31596
0	2008	260	0	9.25824	-9.25824
0	2008	261	0	9.2363	-9.2363
0	2008	262	0	10.0839	-10.0839
0	2008	263	0	9.68154	-9.68154
0	2008	264	0	9.72971	-9.72971
0	2008	265	0	9.79504	-9.79504
0	2008	266	0	9.96742	-9.96742
0	2008	267	0	9.7687	-9.7687
0	2008	268	0	9.93948	-9.93948
0	2008	269	0	37.7935	-37.7935
0	2008	270	0	50.8886	-50.8886
0	2008	271	0	42.4753	-42.4753
0	2008	272	0	38.4078	-38.4078
0	2008	273	0	33.9965	-33.9965
0	2008	274	0	31.0704	-31.0704
0	2008	275	0	28.0689	-28.0689
0	2008	276	0	25.6445	-25.6445
0	2008	277	0	23.6579	-23.6579
0	2008	278	0	21.8971	-21.8971
0	2008	279	0	20.4407	-20.4407
0	2008	280	0	19.1823	-19.1823
0	2008	281	0	18.0732	-18.0732
0	2008	282	0	17.0968	-17.0968
0	2008	283	0	16.4603	-16.4603
0	2008	284	0	15.8184	-15.8184
0	2008	285	0	14.9666	-14.9666
0	2008	286	0	14.43	-14.43
0	2008	287	0	13.9756	-13.9756
0	2008	288	0	13.4467	-13.4467
0	2008	289	0	12.9829	-12.9829
0	2008	290	0	12.7373	-12.7373
0	2008	291	0	12.2358	-12.2358
0	2008	292	0	11.7551	-11.7551
0	2008	293	0	11.2355	-11.2355
0	2008	294	0	10.7977	-10.7977
0	2008	295	0	10.3641	-10.3641
0	2008	296	0	10.0901	-10.0901
0	2008	297	0	9.71841	-9.71841
0	2008	298	0	9.51052	-9.51052
0	2008	299	0	9.38658	-9.38658
0	2008	300	0	9.12182	-9.12182
0	2008	301	0	8.8817	-8.8817
0	2008	302	0	8.63503	-8.63503
0	2008	303	0	8.3552	-8.3552
0	2008	304	0	8.20733	-8.20733
0	2008	305	0	8.03802	-8.03802
0	2008	306	0	7.92534	-7.92534
0	2008	307	0	7.78967	-7.78967
0	2008	308	0	7.68373	-7.68373
0	2008	309	0	7.54878	-7.54878
0	2008	310	0	7.42952	-7.42952
0	2008	311	0	7.34551	-7.34551
0	2008	312	0	7.22065	-7.22065
0	2008	313	0	7.11614	-7.11614
0	2008	314	0	7.01661	-7.01661
0	2008	315	0	6.92426	-6.92426
0	2008	316	0	6.83143	-6.83143
0	2008	317	0	6.77963	-6.77963
0	2008	318	0	6.67358	-6.67358
0	2008	319	0	6.57534	-6.57534
0	2008	320	0	6.51185	-6.51185
0	2008	321	0	6.42369	-6.42369
0	2008	322	0	6.33171	-6.33171
0	2008	323	0	6.24376	-6.24376
0	2008	324	0	6.16621	-6.16621
0	2008	325	0	6.09218	-6.09218
0	2008	326	0	6.02429	-6.02429
0	2008	327	0	5.96957	-5.96957
0	2008	328	0	5.92054	-5.92054
0	2008	329	0	5.85669	-5.85669
0	2008	330	0	5.79897	-5.79897
0	2008	331	0	5.74065	-5.74065
0	2008	332	0	5.68007	-5.68007
0	2008	333	0	5.61867	-5.61867
0	2008	334	0	5.55496	-5.55496
0	2008	335	0	5.49664	-5.49664
0	2008	336	0	5.43848	-5.43848
0	2008	337	0	5.38638	-5.38638
0	2008	338	0	5.34576	-5.34576
0	2008	339	0	5.29943	-5.29943
0	2008	340	0	5.25194	-5.25194
0	2008	341	0	5.20556	-5.20556
0	2008	342	0	5.16097	-5.16097
0	2008	343	0	5.12037	-5.12037
0	2008	344	0	5.08055	-5.08055
0	2008	345	0	5.05266	-5.05266
0	2008	346	0	5.01846	-5.01846
0	2008	347	0	4.98398	-4.98398
0	2008	348	0	4.94843	-4.94843
0	2008	349	0	4.9132	-4.9132
0	2008	350	0	4.88415	-4.88415
0	2008	351	0	4.85144	-4.85144
0	2008	352	0	4.81683	-4.81683
0	2008	353	0	4.78554	-4.78554
0	2008	354	0	4.76931	-4.76931
0	2008	355	0	4.73585	-4.73585
0	2008	356	0	4.71079	-4.71079
0	2008	357	0	4.68641	-4.68641
0	2008	358	0	4.66128	-4.66128
0	2008	359	0	4.64256	-4.64256
0	2008	360	0	4.62387	-4.62387
0	2008	361	0	4.60271	-4.60271
0	2008	362	0	4.58744	-4.58744
0	2008	363	0	4.57178	-4.57178
0	2008	364	0	4.52166	-4.52166
0	2008	365	0	4.52603	-4.52603
0	2008	366	0	4.48036	-4.48036
0	2009	1	0	4.47079	-4.47079
0	2009	2	0	4.46627	-4.46627
0	2009	3	0	4.45424	-4.45424
0	2009	4	0	4.45667	-4.45667
0	2009	5	0	4.45347	-4.45347
0	2009	6	0	4.45183	-4.45183
0	2009	7	0	4.44523	-4.44523
0	2009	8	0	4.44765	-4.44765
0	2009	9	0	4.4484	-4.4484
0	2009	10	0	4.44887	-4.44887
0	2009	11	0	4.44959	-4.44959
0	2009	12	0	4.45206	-4.45206
0	2009	13	0	4.44831	-4.44831
0	2009	14	0	4.4588	-4.4588
0	2009	15	0	4.46488	-4.46488
0	2009	16	0	4.47006	-4.47006
0	2009	17	0	4.47463	-4.47463
0	2009	18	0	4.487	-4.487
0	2009	19	0	4.48436	-4.48436
0	2009	20	0	4.497	-4.497
0	2009	21	0	4.50487	-4.50487
0	2009	22	0	4.514	-4.514
0	2009	23	0	4.52669	-4.52669
0	2009	24	0	4.53678	-4.53678
0	2009	25	0	4.54507	-4.54507
0	2009	26	0	4.56104	-4.56104
0	2009	27	0	4.57677	-4.57677
0	2009	28	0	4.59478	-4.59478
0	2009	29	0	4.6097	-4.6097
0	2009	30	0	4.62692	-4.62692
0	2009	31	0	4.64857	-4.64857
0	2009	32	0	4.66467	-4.66467
0	2009	33	0	4.69159	-4.69159
0	2009	34	0	4.71496	-4.71496
0	2009	35	0	4.73677	-4.73677
0	2009	36	0	4.75801	-4.75801
0	2009	37	0	4.78864	-4.78864
0	2009	38	0	4.81173	-4.81173
0	2009	39	0	4.83818	-4.83818
0	2009	40	0	4.86344	-4.86344
0	2009	41	0	4.8885	-4.8885
0	2009	42	0	4.9165	-4.9165
0	2009	43	0	4.94611	-4.94611
0	2009	44	0	4.97992	-4.97992
0	2009	45	0	5.01318	-5.01318
0	2009	46	0	5.04758	-5.04758
0	2009	47	0	5.07451	-5.07451
0	2009	48	0	5.10691	-5.10691
0	2009	49	0	5.15241	-5.15241
0	2009	50	0	5.18536	-5.18536
0	2009	51	0	5.21263	-5.21263
0	2009	52	0	5.24658	-5.24658
0	2009	53	0	5.25661	-5.25661
0	2009	54	0	5.31948	-5.31948
0	2009	55	0	5.34923	-5.34923
0	2009	56	0	5.39393	-5.39393
0	2009	57	0	5.42301	-5.42301
0	2009	58	0	5.44698	-5.44698
0	2009	59	0	5.49765	-5.49765
0	2009	60	0	5.53447	-5.53447
0	2009	61	0	5.58314	-5.58314
0	2009	62	0	5.63925	-5.63925
0	2009	63	0	5.69064	-5.69064
0	2009	64	0	5.73889	-5.73889
0	2009	65	0	5.78541	-5.78541
0	2009	66	0	5.83245	-5.83245
0	2009	67	0	5.87632	-5.87632
0	2009	68	0	5.91749	-5.91749
0	2009	69	0	5.96935	-5.96935
0	2009	70	0	6.01964	-6.01964
0	2009	71	0	6.06624	-6.06624
0	2009	72	0	6.11699	-6.11699
0	2009	73	0	6.16324	-6.16324
0	2009	74	0	6.21168	-6.21168
0	2009	75	0	6.26282	-6.26282
0	2009	76	0	6.30491	-6.30491
0	2009	77	0	6.35512	-6.35512
0	2009	78	0	6.4065	-6.4065
0	2009	79	0	6.41666	-6.41666
0	2009	80	0	6.47779	-6.47779
0	2009	81	0	6.56508	-6.56508
0	2009	82	0	6.59288	-6.59288
0	2009	83	0	6.64029	-6.64029
0	2009	84	0	6.69551	-6.69551
0	2009	85	0	6.75496	-6.75496
0	2009	86	0	6.80829	-6.80829
0	2009	87	0	6.86146	-6.86146
0	2009	88	0	6.91419	-6.91419
0	2009	89	0	6.97871	-6.97871
0	2009	90	0	7.01571	-7.01571
0	2009	91	0	7.06519	-7.06519
0	2009	92	0	7.11534	-7.11534
0	2009	93	0	7.16538	-7.16538
0	2009	94	0	7.25631	-7.25631
0	2009	95	0	7.26937	-7.26937
0	2009	96	0	7.33315	-7.33315
0	2009	97	0	7.37214	-7.37214
0	2009	98	0	7.44602	-7.44602
0	2009	99	0	7.47854	-7.47854
0	2009	100	0	7.51903	-7.51903
0	2009	101	0	7.59197	-7.59197
0	2009	102	0	7.60723	-7.60723
0	2009	103	0	7.65019	-7.65019
0	2009	104	0	7.69998	-7.69998
0	2009	105	0	7.74958	-7.74958
0	2009	106	0	7.80212	-7.80212
0	2009	107	0	7.84405	-7.84405
0	2009	108	0	7.88862	-7.88862
0	2009	109	0	7.94088	-7.94088
0	2009	110	0	7.97034	-7.97034
0	2009	111	0	8.01236	-8.01236
0	2009	112	0	8.06462	-8.06462
0	2009	113	0	8.09258	-8.09258
0	2009	114	0	8.13969	-8.13969
0	2009	115	0	8.1715	-8.1715
0	2009	116	0	8.22876	-8.22876
0	2009	117	0	8.25931	-8.25931
0	2009	118	0	8.29728	-8.29728
0	2009	119	0	8.33291	-8.33291
0	2009	120	0	8.36834	-8.36834
0	2009	121	0	8.43535	-8.43535
0	2009	122	0	8.44353	-8.44353
0	2009	123	0	8.47572	-8.47572
0	2009	124	0	8.50724	-8.50724
0	2009	125	0	8.54009	-8.54009
0	2009	126	0	8.56969	-8.56969
0	2009	127	0	8.60099	-8.60099
0	2009	128	0	8.63664	-8.63664
0	2009	129	0	8.6993	-8.6993
0	2009	130	0	8.69683	-8.69683
0	2009	131	0	8.71829	-8.71829
0	2009	132	0	9.03394	-9.03394
0	2009	133	0	8.84607	-8.84607
0	2009	134	0	8.84037	-8.84037
0	2009	135	0	8.86056	-8.86056
0	2009	136	0	8.88172	-8.88172
0	2009	137	0	8.96654	-8.96654
0	2009	138	0	8.94175	-8.94175
0	2009	139	0	9.00088	-9.00088
0	2009	140	0	8.97468	-8.97468
0	2009	141	0	9.03996	-9.03996
0	2009	142	0	9.02339	-9.02339
0	2009	143	0	9.06688	-9.06688
0	2009	144	0	9.08733	-9.08733
0	2009	145	0	9.08394	-9.08394
0	2009	146	0	9.09395	-9.09395
0	2009	147	0	9.13141	-9.13141
0	2009	148	0	9.17839	-9.17839
0	2009	149	0	9.14914	-9.14914
0	2009	150	0	9.15386	-9.15386
0	2009	151	0	9.16526	-9.16526
0	2009	152	0	9.30438	-9.30438
0	2009	153	0	9.20173	-9.20173
0	2009	154	0	9.20331	-9.20331
0	2009	155	0	9.2071	-9.2071
0	2009	156	0	9.20711	-9.20711
0	2009	157	0	9.20649	-9.20649
0	2009	158	0	9.20472	-9.20472
0	2009	159	0	9.25222	-9.25222
0	2009	160	0	9.29537	-9.29537
0	2009	161	0	9.2436	-9.2436
0	2009	162	0	9.23643	-9.23643
0	2009	163	0	9.2278	-9.2278
0	2009	164	0	9.47939	-9.47939
0	2009	165	0	9.39228	-9.39228
0	2009	166	0	9.37685	-9.37685
0	2009	167	0	9.3477	-9.3477
0	2009	168	0	9.3138	-9.3138
0	2009	169	0	9.323	-9.323
0	2009	170	0	9.38588	-9.38588
0	2009	171	0	9.32539	-9.32539
0	2009	172	0	9.31114	-9.31114
0	2009	173	0	9.29999	-9.29999
0	2009	174	0	9.54679	-9.54679
0	2009	175	0	9.34885	-9.34885
0	2009	176	0	9.31183	-9.31183
0	2009	177	0	9.29267	-9.29267
0	2009	178	0	9.27686	-9.27686
0	2009	179	0	9.27275	-9.27275
0	2009	180	0	9.25221	-9.25221
0	2009	181	0	9.2379	-9.2379
0	2009	182	0	9.22271	-9.22271
0	2009	183	0	9.20337	-9.20337
0	2009	184	0	9.70572	-9.70572
0	2009	185	0	9.3105	-9.3105
0	2009	186	0	9.24601	-9.24601
0	2009	187	0	9.32905	-9.32905
0	2009	188	0	9.24297	-9.24297
0	2009	189	0	9.22772	-9.22772
0	2009	190	0	9.19549	-9.19549
0	2009	191	0	9.18178	-9.18178
0	2009	192	0	9.1525	-9.1525
0	2009	193	0	9.13373	-9.13373
0	2009	194	0	9.11123	-9.11123
0	2009	195	0	9.15757	-9.15757
0	2009	196	0	9.08117	-9.08117
0	2009	197	0	9.20901	-9.20901
0	2009	198	0	9.13551	-9.13551
0	2009	199	0	9.10614	-9.10614
0	2009	200	0	9.08559	-9.08559
0	2009	201	0	9.0385	-9.0385
0	2009	202	0	9.00808	-9.00808
0	2009	203	0	9.15451	-9.15451
0	2009	204	0	8.98511	-8.98511
0	2009	205	0	8.93732	-8.93732
0	2009	206	0	8.90129	-8.90129
0	2009	207	0	8.8801	-8.8801
0	2009	208	0	8.85805	-8.85805
0	2009	209	0	8.83755	-8.83755
0	2009	210	0	8.81056	-8.81056
0	2009	211	0	8.81064	-8.81064
0	2009	212	0	8.77951	-8.77951
0	2009	213	0	8.74109	-8.74109
0	2009	214	0	8.71415	-8.71415
0	2009	215	0	8.68915	-8.68915
0	2009	216	0	8.64937	-8.64937
0	2009	217	0	8.62099	-8.62099
0	2009	218	0	8.59023	-8.59023
0	2009	219	0	8.61713	-8.61713
0	2009	220	0	8.54206	-8.54206
0	2009	221	0	8.51066	-8.51066
0	2009	222	0	8.47042	-8.47042
0	2009	223	0	8.49303	-8.49303
0	2009	224	0	8.42887	-8.42887
0	2009	225	0	8.3837	-8.3837
0	2009	226	0	8.34731	-8.34731
0	2009	227	0	8.30708	-8.30708
0	2009	228	0	8.26708	-8.26708
0	2009	229	0	8.2262	-8.2262
0	2009	230	0	8.38117	-8.38117
0	2009	231	0	8.23381	-8.23381
0	2009	232	0	8.15361	-8.15361
0	2009	233	0	8.19255	-8.19255
0	2009	234	0	8.08866	-8.08866
0	2009	235	0	8.05295	-8.05295
0	2009	236	0	8.00059	-8.00059
0	2009	237	0	7.9591	-7.9591
0	2009	238	0	8.04604	-8.04604
0	2009	239	0	7.90722	-7.90722
0	2009	240	0	7.84702	-7.84702
0	2009	241	0	7.95729	-7.95729
0	2009	242	0	7.78572	-7.78572
0	2009	243	0	7.70119	-7.70119
0	2009	244	0	7.6548	-7.6548
0	2009	245	0	7.61864	-7.61864
0	2009	246	0	7.57145	-7.57145
0	2009	247	0	7.58484	-7.58484
0	2009	248	0	7.49721	-7.49721
0	2009	249	0	7.45538	-7.45538
0	2009	250	0	7.39761	-7.39761
0	2009	251	0	7.35951	-7.35951
0	2009	252	0	7.30212	-7.30212
0	2009	253	0	7.25666	-7.25666
0	2009	254	0	7.20832	-7.20832
0	2009	255	0	7.16979	-7.16979
0	2009	256	0	7.11438	-7.11438
0	2009	257	0	7.06719	-7.06719
0	2009	258	0	7.02624	-7.02624
0	2009	259	0	6.97989	-6.97989
0	2009	260	0	6.92244	-6.92244
0	2009	261	0	6.87371	-6.87371
0	2009	262	0	6.82358	-6.82358
0	2009	263	0	6.79797	-6.79797
0	2009	264	0	6.72615	-6.72615
0	2009	265	0	6.67802	-6.67802
0	2009	266	0	6.62806	-6.62806
0	2009	267	0	6.57601	-6.57601
0	2009	268	0	6.52502	-6.52502
0	2009	269	0	6.47352	-6.47352
0	2009	270	0	6.42175	-6.42175
0	2009	271	0	6.42123	-6.42123
0	2009	272	0	6.35249	-6.35249
0	2009	273	0	6.32604	-6.32604
0	2009	274	0	6.23917	-6.23917
0	2009	275	0	6.20334	-6.20334
0	2009	276	0	6.1365	-6.1365
0	2009	277	0	6.06973	-6.06973
0	2009	278	0	6.03225	-6.03225
0	2009	279	0	5.98912	-5.98912
0	2009	280	0	5.92365	-5.92365
0	2009	281	0	5.87445	-5.87445
0	2009	282	0	5.82077	-5.82077
0	2009	283	0	5.80505	-5.80505
0	2009	284	0	5.72202	-5.72202
0	2009	285	0	5.66161	-5.66161
0	2009	286	0	5.60379	-5.60379
0	2009	287	0	5.54829	-5.54829
0	2009	288	0	5.49899	-5.49899
0	2009	289	0	5.44095	-5.44095
0	2009	290	0	5.39155	-5.39155
0	2009	291	0	5.37891	-5.37891
0	2009	292	0	5.3078	-5.3078
0	2009	293	0	5.25048	-5.25048
0	2009	294	0	5.1969	-5.1969
0	2009	295	0	5.1707	-5.1707
0	2009	296	0	5.10615	-5.10615
0	2009	297	0	5.04915	-5.04915
0	2009	298	0	5.00239	-5.00239
0	2009	299	0	4.95752	-4.95752
0	2009	300	0	4.90655	-4.90655
0	2009	301	0	4.87616	-4.87616
0	2009	302	0	4.81859	-4.81859
0	2009	303	0	4.7687	-4.7687
0	2009	304	0	4.72106	-4.72106
0	2009	305	0	4.68716	-4.68716
0	2009	306	0	4.63111	-4.63111
0	2009	307	0	4.59071	-4.59071
0	2009	308	0	4.54111	-4.54111
0	2009	309	0	4.49982	-4.49982
0	2009	310	0	4.44883	-4.44883
0	2009	311	0	4.42322	-4.42322
0	2009	312	0	4.37462	-4.37462
0	2009	313	0	4.32981	-4.32981
0	2009	314	0	4.2806	-4.2806
0	2009	315	0	4.22726	-4.22726
0	2009	316	0	4.19654	-4.19654
0	2009	317	0	4.15409	-4.15409
0	2009	318	0	4.10883	-4.10883
0	2009	319	0	4.07396	-4.07396
0	2009	320	0	4.03665	-4.03665
0	2009	321	0	4.00106	-4.00106
0	2009	322	0	3.96673	-3.96673
0	2009	323	0	3.9332	-3.9332
0	2009	324	0	3.90056	-3.90056
0	2009	325	0	3.85146	-3.85146
0	2009	326	0	3.81548	-3.81548
0	2009	327	0	3.7967	-3.7967
0	2009	328	0	3.75821	-3.75821
0	2009	329	0	3.72566	-3.72566
0	2009	330	0	3.69507	-3.69507
0	2009	331	0	3.66446	-3.66446
0	2009	332	0	3.63817	-3.63817
0	2009	333	0	3.61413	-3.61413
0	2009	334	0	3.58613	-3.58613
0	2009	335	0	3.56326	-3.56326
0	2009	336	0	3.54171	-3.54171
0	2009	337	0	3.51943	-3.51943
0	2009	338	0	3.48924	-3.48924
0	2009	339	0	3.4628	-3.4628
0	2009	340	0	3.43479	-3.43479
0	2009	341	0	3.41531	-3.41531
0	2009	342	0	3.39455	-3.39455
0	2009	343	0	3.36901	-3.36901
0	2009	344	0	3.34759	-3.34759
0	2009	345	0	3.33264	-3.33264
0	2009	346	0	3.31499	-3.31499
0	2009	347	0	3.29533	-3.29533
0	2009	348	0	3.27864	-3.27864
0	2009	349	0	3.26285	-3.26285
0	2009	350	0	3.24467	-3.24467
0	2009	351	0	3.22875	-3.22875
0	2009	352	0	3.21243	-3.21243
0	2009	353	0	3.20133	-3.20133
0	2009	354	0	3.18905	-3.18905
0	2009	355	0	3.13572	-3.13572
0	2009	356	0	3.14723	-3.14723
0	2009	357	0	3.13579	-3.13579
0	2009	358	0	3.12344	-3.12344
0	2009	359	0	3.11276	-3.11276
0	2009	360	0	3.10402	-3.10402
0	2009	361	0	3.09877	-3.09877
0	2009	362	0	3.09493	-3.09493
0	2009	363	0	3.08868	-3.08868
0	2009	364	0	3.08658	-3.08658
0	2009	365	0	3.08181	-3.08181
0	2010	1	0	3.07833	-3.07833
